60 59 51 50
1609284162 2193643978 3552538797 3462385470 727654106 2271463624 2602473461 1570286501 4250090144 1739908566 262446471 1314737490 498282341 3207255073 4246722387 467757327 2335939749 3229407712 3473602482 3011934608 2610395448 3621743671 1389666092 3802866054 2316981932 2253004456 1744459862 1646215371 3205081795 2542239217 4167366348 4171059548 1232484430 3311231219 1175002043 667438965 3700636871 3706175865 572782271 2470694957 1985289197 69653353 183707482 392397662 213667822 4023791229 2152237162 1046056153 2661283276 4042259036 3704851687 1150632178 3033933057 2271925018 424551361 1177798331 1311382938 2605840562 146927080 
2034029409 3689756533 1027791499 495269562 2431047456 933698684 2627043522 2137171432 3929184140 1906807951 810022566 3946084108 2544388733 4226319026 1965720254 1066426219 1912675699 2140060748 1864328223 175628234 2027578265 547263992 1431987387 1550414640 1028891374 2019018373 1816247487 4086422742 1387894429 3418882089 580989972 3766131572 913861144 2000831480 436381980 475054834 670196493 3664556146 2716853443 2432537627 2199322317 4098189221 3875491660 3653751953 4073778816 2396076481 1117836567 1392481084 3430106121 3658108213 1183243866 3099517476 977841142 8084821 583464095 3312016331 2961419282 1483214318 2554990610 
3583875855 3336662744 3499267815 2605393390 348741702 2392785921 335725148 2976888087 2697511013 3927682260 3550074130 1199301745 631622169 3808319177 1335615191 3892185720 2918962937 3485878506 371830462 4076165379 84192233 814155131 841832660 3744683345 1585274167 3754501417 351201276 3655103301 1744388377 1963471812 2653585358 236589483 339598831 513428576 3434460546 4080165683 2750560805 3941307505 1931701454 3237574192 1100039255 2593616778 2562045710 4020672049 3612377390 2127194983 578103133 910378671 1242772814 1113203338 4246109637 380503115 873229380 225594690 1881557238 4010492474 632336532 85370828 2209148850 
3742920840 3960006294 3889140336 2210702101 2635766276 4211854661 227594355 2417870135 2282851493 3108922820 3873952551 3646202409 2650017144 3671928302 4275400834 646228065 2682932518 471160634 2693255782 1565510631 3417912962 3036711368 4066874884 868519443 1466813161 1953505488 766977000 3375948370 539719059 1015630574 1231330354 504199796 345634782 2983119239 1874989932 1474211393 3807752922 127961835 1638032655 1856505803 157319498 1113872297 2508633313 131566176 1193622321 3934772092 734116043 350642177 3768495251 3164210345 780577960 1284627750 3699078782 3995094843 1448425620 879289654 1930867404 4081840641 1483175565 
2145309375 645272848 460255687 2627861250 3949638328 3589965110 1920900712 2603830561 1517186335 2633417429 1936418979 2586187394 1582974632 2867120664 3619251768 1861418456 4233566462 1888900450 516770381 1716723334 3590748914 428164837 1659335231 2544909930 1459993049 1878816677 3565486151 2806421458 163734457 2892942977 3058565304 2312559485 2004101600 484363078 3238400654 3611943087 2018141682 3799937612 196056560 2929963072 4237926118 1081125416 2503012770 1680839752 1441184881 261200365 2984510915 801127890 1721029817 3106602190 1442216485 3027091182 3681302884 85425451 1910939217 4157904148 4208266654 4273526599 2422663973 
3304823533 678881139 3605282395 1672744430 3309846296 1773045311 3400995289 3853226643 3322860350 2201104700 799589714 240216377 2213899393 1552821247 1882939881 2681862687 3529185595 1473195164 1202903925 2894386625 666793408 3950851168 1515075572 4175095762 3450150275 1009955694 2778817933 1856929455 2329773303 2500251127 807140042 1736316433 218248455 464359672 911080782 4274390899 798784240 336513359 1511136049 4217004139 2173608018 430268681 2555343055 2262524724 1651504120 1370260906 1675943155 515471161 216571945 3752719137 3289843603 3403263842 711951233 2310751391 3543522973 1673963421 3895312020 3376584979 3866869647 
1009594125 2399114340 1816197279 3002431942 730402062 3495969069 2239654990 4079353510 1749999836 2105385117 2915973931 377154758 2521722078 269687548 395676640 1332531566 3994244173 1546114225 4131229177 2161305448 4127045181 4025321616 1033497450 1229241290 23070343 1406123377 2940800993 1339933941 2270392979 282224421 1431866674 637670883 489012880 413714891 2026784381 2239297152 1708084217 2152168274 4191927291 311782758 1814993512 2276286528 1834531166 2849789301 522208881 2049887185 2244497341 702941599 3168747675 178337879 3042691723 818931363 1995293293 467150783 2995395868 3140483360 4128229617 876627141 3364514012 
1892869422 3005507024 4056288598 448551998 4082658616 2380056224 3176979848 710371765 1876061824 1049732380 2482538016 2371242303 3086726306 289081775 1358347684 262604864 4061141342 4041469735 2368051082 155460318 1390543464 3162486655 2316473416 116468152 3920357007 3395308629 1444182135 3646352757 3324043928 604200667 1512172624 3352611315 1443852615 301669356 3348901400 2932643029 3676100654 4252458355 1236135184 2492377369 1120947161 2100987801 4018155579 3010854872 796223808 886476338 3193474452 4009043727 3815453596 2320515518 4175045766 3111357647 288014551 2314550677 1426198278 320235951 16430589 2997977334 1616529501 
3329833915 3609971835 865602829 2490295608 2844880770 2077510660 3925493721 3204365122 3214007217 3308143235 4034936344 3471398156 1177620727 4183492069 3175970933 2628342170 2371746303 559854268 3604992096 757450093 1941412669 1001263273 3864741755 517674859 864800167 1724883464 1690742520 3444587381 142183663 86039642 2120531726 2779764 1264352503 2693136578 507993946 3295958773 2577778823 2558460216 3520714055 569647847 2664422061 3709861167 2405126174 2979979380 3383745660 1305121381 1463240239 2857917545 387210186 1809011944 1694445069 212933121 4244732396 4243462471 3724358327 2012733685 2382014332 1389140530 1946567822 
1922634976 174404814 2406252425 2618582883 1664515961 2441334256 3533620555 3593864435 986452289 3291984677 1946130295 3498639373 1994446077 3447655538 1456950448 388670191 1483712044 3225748053 1282980862 4100465918 3355465342 1896846529 3638272021 3792842095 290462406 2722248351 422117409 512413959 1439632429 3108180513 3089701071 1785249707 3988316494 748762811 3586946973 4248607184 1468845354 4284051350 39496947 2338288877 2376251488 1403968538 1211340475 2331256203 2870403568 3912397689 2106119678 13364601 3009061491 2182097889 3918431964 282828399 2049528062 3145177330 1149073138 3043234834 600763201 2572992346 801676155 
3799670646 3583717806 1948313516 2573749602 3743107224 3802337024 270047951 2769919060 1273641971 2074740420 2317411500 518518615 3028405117 1350229677 464006370 153144432 2458695675 2112705604 2235766318 599321572 2484261819 751483072 2790253262 3007320049 3433661733 3465094784 1715657335 2496584763 3694140855 1841253733 470303916 1357613589 2176043257 1454168118 1323437191 2837961041 2257781482 2231297206 1105830676 2561957272 196125691 658969078 1551609683 1120619674 2764420698 885622984 956246440 1788922777 2294776287 266714866 2747005131 236795046 3910568147 3294577761 1585598439 62448821 3491091973 2961341845 3559986021 
2093284701 2180770511 1316294270 1446113681 3072217356 2684241179 257289468 1670905069 368148287 4130307714 1651519595 3250460886 4068570651 783388439 3678426273 1980280919 2917711556 1567922284 4020568992 1467198472 1913193317 2122077472 753203075 2811336659 2589241390 212066812 2754125686 2351531139 3626771052 3804665048 3431623001 2248379486 835437056 419100603 4243721598 4137137244 1249402292 445626733 1082900762 2590549999 2923895203 3740724932 3748882620 1473651187 1791665843 155107147 1053306108 2281219783 2919804511 2704712767 25105005 50999967 2765842175 1391502216 4237210787 2623521049 3019980667 1914627950 3919827772 
1725441312 1429531628 2606659825 438755094 1916572770 3255286747 2046048910 912715813 1455463829 2797000457 1801649604 3894293418 2185765317 3415427154 914204431 555326480 2128336637 2611304528 1285204564 3935949156 2234372934 172815436 2392758035 1899616060 3498373814 301603440 2548473066 1271265075 2229760393 2857597613 4183414869 2773709305 858589418 3659554621 4227073374 825140221 225811357 3319355495 712070009 3869266185 1254605067 1332457546 4082694738 1280773386 1578981285 3054736884 73389732 1503205564 1984765528 3676360772 3324753352 2495700660 175866259 3313765459 1847884121 2890369063 918177868 3535625676 551247648 
654720515 1121591406 3087970207 387971649 3849252381 1759295021 322336664 3166817124 4099327430 2710120436 1454031915 1069526068 2454132112 1164046517 3926490361 2521640223 905930344 2573992668 1987489221 2256585373 919864173 3109553541 1141277212 3918473476 689300447 431286586 3940812812 2548752316 1237284240 1366390981 2878430242 3617717732 727634378 2565263529 2683775745 4130563000 2211008821 2825927656 2443145519 4285032573 2972359607 3356722402 2089543024 738345202 930036099 1745067238 2575512462 1115483199 3314638272 1242388269 2158630740 2470178021 882893200 1907747939 2719281366 337109667 3265451920 4006686143 3984500985 
2403695540 964797770 3738429599 1064562478 355296580 239476715 3103256624 1038521307 841266097 3102538839 2988893753 917560914 2916671479 3657550765 2063855009 839909466 3377322744 3341709990 576870636 1340513516 2737539869 2221984103 1269186261 529165881 398470880 1196375076 2434136740 4294912552 1767504982 2548493185 1753552592 2881714254 282691931 2351869410 1381189562 2102946810 276607545 346062350 1868715908 2158627382 1582863202 3434637952 1927684460 287781027 2030798520 720233130 1934448081 792453356 1070981435 913126798 2085398556 2406344540 1963397858 2180292377 3295287770 3438874704 939429525 4255964198 660164920 
4179934835 1370920466 2322644936 3699010536 1994076689 1880703731 2544353122 1472073568 756974801 1831646460 577446391 1606957500 599799883 1193760903 357748426 625201137 4058339347 3099930156 527480017 434044756 1842682376 968200910 4242629665 2470999979 1369409102 2975752166 2085018871 1673471291 1313026051 3110318928 1599236084 2878775722 930807353 482400633 3826655796 291311726 3777706566 3324904800 2266966173 786318032 3690653305 3907867671 3333988930 4043389141 267061464 1953181092 564643081 2440561759 1138777509 3895266505 1148394932 2397333853 1293814289 305842886 3236246091 519169429 2156250217 2210820792 3081516598 
1103791277 1739361653 1153896181 3222038671 3967835833 3500555671 1540783369 3404120434 1744919774 2408866623 948792803 3926813409 3967111953 2743909961 1222467668 1800288244 2272829886 2187532362 3834086619 3576790364 625405604 4168115604 2673035824 3895212422 2671846887 2333636550 301411270 1260135743 2229435464 775509213 2264632976 1694710482 2900520928 638017158 1467175335 804499088 3240975942 306052227 1604603625 2934685680 38071203 2748825616 4105321600 948913227 2919708191 1880620666 3136831220 3108736498 411162128 1308063366 386820756 2091510345 2840414248 1468235591 618692363 690050388 1557820526 159589842 167549860 
2826017619 2929951841 2464112399 815950049 4042164452 1892838590 1397637562 1848023655 3905954580 1334820308 1686598617 581045848 2628475446 329361053 3439316320 2394104355 2393852081 1381521698 2102299017 2388425285 98978631 2425563793 3472551981 3338059606 3377051429 2776703389 2308256627 2101153388 2992610677 584642251 1905520122 1346228824 2763624247 3893688410 3265149849 844450206 502562266 3746460490 3411557396 4093503933 3391183871 793349727 342176878 1010730839 4039434634 1195790380 3753892784 22542305 608110553 496314343 2530341278 2891664029 3901170116 2662791223 3518529617 2722728903 3800331182 1010807254 3308232789 
4085294325 977265071 2777995027 3525656357 1930897540 1452972868 3827917823 416927901 2802904543 2271704990 3655664401 1775686780 1371570038 4237855950 3967210361 3355809267 1954460812 2878241984 149386921 1187764209 2822594751 3877520038 1639292656 1144926270 3479849250 984702274 3025682100 1126925393 3413475345 799341769 1518396372 3220290796 1901944092 3193334619 2847636309 3652187812 3778189452 4151540452 1936856975 3033773289 3741879712 154578785 4089799899 1212354735 2028814212 4038671834 1572529433 4036921367 2168684812 3429530601 1783226141 2979781755 877046558 3768714879 424796955 1435495840 3992512914 239426997 2009006948 
3344449676 3980847909 2498941002 1790563669 3452959487 3171883307 1224731534 2312871908 3960768445 2338511393 1448026695 3694382114 1064636326 1576708323 4157658498 1480436827 2270927747 879725620 3683637756 1549472206 1166510161 631016113 1935645023 283112 3991201632 1112927858 2455990206 4082034088 115918773 392081929 2220163002 2963192736 1266861186 1243660686 560374311 1174609931 3845140545 3271980594 1916251204 918131788 637237891 3421804645 777488485 3924054946 2411236152 1814157777 2102058724 3019034687 511031887 3262045853 142527403 3122463520 794277034 4048636775 48071151 3996373475 3611233286 3182371360 2506397705 
3033465685 1901665668 4280727172 1507658058 4021364580 1138056270 2956964209 3604069012 1894530078 3260341216 2373632547 1819120007 1450832941 2763470365 4139837168 1184349923 2144109928 526365502 2855277998 3254002903 2498902561 1592519608 2099606217 3271100564 898686133 2134341523 1936185030 3295129027 3198543962 3436434200 2227742753 21894126 2342803265 807880273 4084011422 421285771 1454739022 1563768929 2335549424 1913669337 4111976119 3003048549 1025518325 2053904114 3426326622 3608301776 2529825591 630434417 1739751435 2862526160 2404880268 2774046185 947602595 3044425483 1113030963 1892493598 3036021124 3147071621 2849304900 
954223989 2203219624 3997430196 4205111344 1179856639 3438214906 1063922198 3128537923 4251567608 3512803086 752652994 2409012758 3113842093 2516599744 1405909530 4037986758 563624116 711638424 1756522803 124718660 1842740810 208675603 915366787 1655625150 3589792569 269953442 3852260846 1620660467 1808548745 561485115 3268351217 3033866712 2094982279 379685280 4015872663 4221318509 233586817 3210033254 3674327302 4062738625 3035037631 1643418879 1599300306 3638043752 2672833819 2451172461 2689943005 187188413 144927250 3062799330 3549647456 3405738491 3576543134 4007474017 525736715 556859706 1016506123 2837999157 492556910 
2488677740 1694089170 4027454640 160354904 1108587153 3651173731 2669050766 3188550363 4255167907 4038919498 128297151 2427044093 854577990 1387573194 4064697712 824226565 4237466490 988664787 1365453770 3654700658 3105246219 1782628408 1442353600 2545937236 3518111858 3576995153 2976914231 2297446703 2142141715 154349265 1594945197 2063750239 3033003262 4114713592 1415362033 2006522570 3873621002 2201508550 15003757 3259648574 1380555510 2894419637 3930299615 3571282175 462528620 1680378158 3215542258 3226453758 1352963494 2561636748 2065893831 2491031578 49574058 244433232 3760933472 1564640043 2978134433 3805078442 807583287 
1123026245 1189979150 233602061 769167185 4013315985 3049414672 3190090436 2044922110 2717383747 969923383 3999536232 4110066063 161444867 900358587 329502812 3871690848 3925378779 2600997474 219706028 3839421000 3727880706 820928889 3678905658 294409486 2816288848 1790097753 2962210158 2536221591 2376578491 2809057344 1066604862 3169292469 3353059372 1957896436 2335532922 498949950 1332039491 1486567674 1526380784 1492398668 1689044302 3867383997 3752261637 1687326427 3662333068 1953391747 2232268755 65565575 1261268879 1505996322 227011533 3831079329 2145148717 4145464541 2457041213 4294216385 1370926121 2836739368 1246834906 
1184643969 1198824451 3998179120 3774311298 2307482360 935126752 235434307 1849417309 3817136703 2015975035 183904893 788488536 783551755 175626311 1810441326 2077751454 739991480 2357768260 4156815951 4008367091 3346855885 23267922 1823315908 3025421987 2512333064 2920466964 924019418 4095106913 2488881875 3563650877 3941949308 3509544060 3817920109 3424540289 4065950883 3173897735 2557448182 4169288747 4252405493 117277527 169882983 1140095601 2307406754 1710103198 1005903261 842281570 2783873920 1195403728 1021547191 2418541486 425838762 2791939989 93338819 469521485 3130690681 1512379679 2865674779 177721072 3089178513 
3949868020 2186916609 3482691679 2077507074 2231044111 3586187078 2053538251 3230829195 1544394079 1228370436 4004492270 608783735 895360630 2227866197 3349119880 297834339 164324479 1130925039 3234498586 134438523 3196802757 1446992277 2229485179 3277891435 285127280 3308086977 1231684488 960318215 3763199625 4137934608 799572957 2189830024 3601136021 598552944 39959408 592380342 3680254094 3000737645 2223767591 3995421567 3056419332 1976261053 951681592 2383714799 326240941 1062064857 1106131299 4201595827 328105669 426683551 438416319 276339252 3902067598 3346603035 806665672 2101954780 2075531098 3941420030 2787378067 
4116126787 13451919 670821737 418666308 2400353786 1249265435 651903873 2186219232 4000352044 3385961402 2864894641 216622017 4271825003 281217204 3557050224 2833219647 870728026 2682099606 4207382707 208589884 3653595413 163367750 241356704 2872479146 727041888 3079816249 3309746719 3486673963 76624860 2226915375 305175556 1495957834 1927539915 3153855062 3485584574 769033814 3306007585 652023587 2649471176 1920925863 1973141165 3134290461 2739661938 2198684797 608631636 453165484 3829603319 2527867291 288322888 354499086 4171257457 1131415316 3405068426 813265866 532411199 928995852 2014550991 1645650648 3496184486 
1557797231 21077268 3642611790 1707455612 1312088395 1631710436 3943712121 2007875140 2038281218 3621198560 2605540331 881385699 1471267175 2873472726 4241512256 548267198 3654101273 3486370499 3050784871 534153361 3654091268 2410581217 2794680880 726376572 200506703 3113630954 190830459 1371545904 2225543212 2229448881 697474800 3792097012 3442707068 2028435634 970378087 1344070284 1770996191 2166369342 3764999074 2281835952 781606857 149270021 3445707060 3358718890 3228312370 2553173357 1284415276 1320793164 463853699 3394188441 570997815 856162034 3985691367 2749060054 2935501943 2659335407 3803256280 1893885584 3556024916 
2644943379 2913941171 1409343382 4244469735 2783230885 3758949685 505463782 1021565472 2963218967 2325817170 1013699520 3338142953 2435501288 2192884522 2752220111 3750587723 393543990 1513485558 992104113 3050893892 3931648862 1439950447 1607464239 1253415340 2089897342 3843251261 1264249441 1995620124 1672792176 3630637915 49595922 4180023235 1132918626 4051651797 987522955 2245936613 1813367100 2774725770 3050777220 1029175209 3045276696 3877266608 3994752874 670376871 2418205879 2065811476 3924741456 2655443467 1700704050 1792031524 3556174666 3750115902 572014813 1777120212 3321257404 3072262655 226112925 1226210527 3601576648 
828575040 418791669 65711353 1539061342 465537586 2463944217 1127109565 168392552 418286618 2730778942 378924279 3727782974 3938964107 2986715756 2433819407 89750982 2040393080 2452712584 363939954 3703306503 1980526217 441178301 185947403 728759902 458180870 3147734280 3784655815 786050820 3675391608 3490065645 63971444 1897190872 627644249 1188963525 1234503804 1164569945 3738731720 3994370578 3797993092 2405951847 2294999030 3074288292 1129836227 3825614400 1862555482 3086098636 4181422926 1093234758 3125494452 3433636883 2677649319 284021960 1147814625 1644567593 2585696667 3511272208 1323379003 3406594997 520707521 
1731423249 1326384 3371438081 3622618200 62024447 964851218 367451328 1620016515 2592202366 2720947852 2599261274 834303155 1647253894 3999548368 1927383592 992372601 2368599918 2260912851 3713599842 1033750707 2295596654 3625173037 2295974422 489128377 2010377678 3560685594 4078290640 1474387907 621303347 1008294979 2463441248 10376585 5070354 1777291368 2547889440 2993089338 3161251808 2241965515 2788726563 440414693 1298375566 500127352 4175623235 2951556146 1036469666 1951170706 4179459917 3896607355 3743538943 1824779267 1868694268 2207006719 2107102137 565975781 2830837353 3086552970 338095649 1098485593 799462738 
3608940372 1312782611 109990747 2231294443 1657303477 1649271088 4156577528 3772203834 3204441124 309998698 911852170 1724589594 2425811384 2275172893 4077262614 903738464 3726867097 1441540586 3966589626 3518724833 2042183852 2876891081 3532325549 1763576261 376263733 591240770 1587431730 2423174725 98217043 3793658089 2681672281 3488218607 2227067266 1008221580 1016210933 1895752452 3781174322 1642243659 374641879 597800292 2104787705 4184443511 3975153956 402259399 2890499906 1624846227 2241468681 3731699163 3928253335 1876129021 2330225035 1520730743 1984959757 3866816025 2055585210 2571596094 1540936018 591327932 3168807762 
2313848013 998749784 1514165242 964325839 2323945166 2973897131 3891505093 2794995200 806673303 4120778843 3376590879 1812005016 2668649148 3272349107 118473217 916909179 452742540 116142314 3366215015 1484648318 3354408723 1673139699 2604032659 602296659 713047329 246239100 911064363 2912656893 497628190 4137629220 2523420088 1154337533 848568838 1051465531 1419302154 2354327162 362103341 4241352987 2262604136 2971108549 1238025550 268131493 1103362141 4247921525 1642419837 3844007736 3124635332 4252415079 2008374673 722455054 52934501 3810938881 3680326238 1407587567 67771842 4219321262 1975017676 3877454754 1136926359 
1327774003 2091492145 500538610 2389609958 766478706 2499336115 1693046925 2384798658 961425316 2406786133 2928878237 353738242 630419240 235181392 3680509039 623025495 2672195289 1976808498 2157257370 791116391 2841335807 1274610945 2835866331 1901736207 2785616894 1337892669 224322207 721596557 1305529174 3543514156 2838428245 2685743428 1515090030 4153688070 3572134056 1235565769 4050082490 598258573 1884422824 2816967536 916566098 4144006999 1596238289 1467354526 1576882639 1296043646 1891441676 4280424280 173036362 552994092 3457196352 3681525458 3917150484 1738751557 2032079477 3329625491 431905641 3902227423 526250931 
1749483705 3654252284 2485286773 172374929 2462463580 2107040378 924309528 3351908155 1714232819 2306966588 3051271463 1948687164 3817703533 1974983477 895147220 363894225 3496206330 1050272652 1269231892 1578026359 1460960385 2988731810 1803842980 3175266808 1689226862 1690191971 1441580597 13507853 959079545 2574801444 2393345207 1962564382 3610849579 1836587263 3650606986 763833962 2354417602 36311044 2297728529 404604432 4144135386 1474778162 3835084353 3334540357 2788202421 3590833756 295381686 1349685303 3128588908 114396569 1060709742 3130277743 3452367012 1554734398 4138979630 4157591214 2870660316 1725685066 971310179 
1982258034 1606676702 3796449489 3311304016 2034330179 1959487095 2996336636 3981635663 1791339386 3110024985 3087527224 615488357 2035997589 1508759808 3647432684 3559105961 1522793693 3210738873 3727900971 2000446228 2293375670 862258549 1935367620 235197623 1400449252 3000499363 2982826259 2046429133 3982672324 2997652715 1952366799 646989674 3629997750 2449714822 2315748346 2094338616 2798241509 2196124999 1039824293 1878088139 2915485094 1758430511 270583291 3485257236 3093258978 3551720999 340175684 1081729540 464179664 2005175245 603872219 3242253565 8902582 3522465439 2396708893 913709646 446188239 2115920582 1216207745 
2078230434 801930008 2154032205 1397907897 3551492160 1514367951 844911378 248726979 491865784 3674698036 2522495698 130965368 3405082146 299241625 1762943137 889412655 2902552917 1253716714 3274401888 662017196 1877360886 1087215237 1766727751 3257904899 592867927 3469653002 701754951 2433393832 1388759871 2366722524 3266577535 1572145587 758681809 4198160097 1802603195 2421835984 3345005403 1375726562 2946821008 1569196684 39960293 3248365786 2533500198 989979456 4168173566 1456347029 3358639478 4062810393 685286743 3972356934 2482695796 3710409936 3087775702 1930075460 1548982745 1467977038 3894150282 798531639 984062905 
2419898272 4052569973 4211004877 4149795411 3506884308 3546093024 515331915 2408738040 3024104049 437518115 425473153 3331666703 2655864444 28723947 3093267051 281442576 2325439524 1008903254 1048640911 1005120622 1566753347 3883724761 4024250302 2299158485 3720497919 2590644460 3323945653 1626038650 2934537973 731266621 3794665511 2183001363 2943989471 3544214765 687705566 3998329440 4228268192 4000425493 2508708523 729349335 1734970588 3708194978 1955369641 2019026570 1684196700 295166674 4281350472 2731105422 1313426475 3438874735 2811724757 308766550 2775213461 1945993732 3228360890 2339378953 1358882940 2043007905 1812928508 
3198618147 3584635603 1491496398 3169534585 192183942 2842388715 571530728 1316462259 3138990508 4026049414 1332609521 3830750883 1118395668 305860627 4069562682 1039287079 2139632593 3602344880 1390438482 48499385 1020007566 590666219 3737473901 2587980985 3833163173 627566630 3431135075 4129973453 2038190453 761715474 919982929 3913726806 2156066742 2258745585 4020829427 259521839 1338549514 2340188257 4137992144 1780168131 3280717578 2674348840 1009202679 2007159193 3448378909 2011475370 2681005229 2861960345 3392631589 2192074060 1908916798 2705393227 1507538220 3839349919 4266448589 2410257601 871952996 2320389157 3545734827 
86337948 3387852818 358677016 3560374182 1952017843 1476801521 473474222 4271656207 2301003961 2234532130 2911716781 1499126252 4206706162 2162193693 4215356762 2746528421 3512814392 1970725265 876509475 2741557601 2830342457 1008999893 2206600285 1191775659 2301069908 616312370 4120846471 1064631709 3031375605 1399071063 2470164497 3265514930 3950132977 25874516 2674903364 3704084556 1699268481 4202796690 2932035636 3252722553 4017601229 27585364 3780227582 53256764 2753530869 3058112167 3044925626 98003760 1493902338 1883872394 3645579084 3923016920 3197381796 3557046633 586569608 1262444734 2162512375 2144054063 4132928590 
3283067471 197337965 258325829 4216149818 3624276653 1209441318 209332473 2234902568 1868993233 2456451000 3354099197 2382648524 3116552904 27600875 2026082906 4265020211 2744276438 2362925487 459895284 3166288440 2021744497 1026656920 1229173533 350727219 2126775230 2160365990 3036996083 2588693261 3451913002 2582616170 2979179531 109230822 1599638186 2167328515 287087133 4270952209 2030041409 3593458488 3282659465 2512235154 1337818113 3674027482 1869201354 2297081751 3623831582 826455570 1573934792 3580945561 514192544 2508695146 1311266845 3257848199 933930299 1701238833 439941638 2584476581 3005699614 18378382 552120529 
2143174146 1216183389 757029397 2195672307 1567514430 2758677369 779431093 2151494157 2183037755 1794905800 2400546981 912769882 3573309542 283670153 4016483237 938326065 2490013656 22435210 2768167382 885872380 1631636621 954926890 3504503031 4093392551 292690419 815993870 454902877 37716898 838805013 585739779 609097671 3358710784 3080469712 2080071092 3538902122 2501259572 4227351658 1535676524 766888768 2645757265 701374508 2369136752 2682741068 1517943007 280344651 682816771 2555223026 1694855264 936610854 4036555281 1585391645 607658862 1281301294 1297998325 2964180795 862462437 435711770 1999131059 2055654349 
949971228 3877872132 2711446858 1121115636 829025041 2866059304 2390855588 3328962853 3788485135 3118896263 2920691504 3915155322 702617142 822531931 980921903 2280949264 4102296603 4123524135 824219431 3718676376 1836642018 947688594 1469851814 2708929862 663091617 2687518131 4067541602 2998101278 2731874831 382096831 4160624744 2264569775 2696975165 143176462 2339957754 1969592154 1425006304 2758302970 2429632565 2448380870 2567099580 1981684168 1896574407 1619217309 3874045404 961368312 2300826587 2770899960 1213117829 3338143696 4047976556 645398681 3789788801 3257939417 1629162285 188747919 3334341395 3590069335 4237882164 
1443004850 2693568864 4153095906 1300693108 4279471929 2666753304 436426256 403263786 3456345690 3084448740 1438259057 4000497364 2014135664 1134020633 953082253 2592833691 3026256410 3382185434 194860709 533685970 27328771 409375707 2707712125 1886185744 2250217006 4015444270 365333825 1642665579 2704719391 2890526318 341243973 3404871646 4261792271 397780410 4077806841 213790174 1482199575 2643057282 1814944769 666190847 1100805459 413054795 2390640374 2370553999 1895148598 3853436024 356067351 3828502617 372247511 1710482794 3433374894 3756825337 176732192 2438642475 3993508952 2673043770 4208894709 648121786 3496988666 
642603605 1355887701 2845194681 4040018418 1137662718 47935548 1060290565 113102821 2521178434 3851022620 1835397303 237921961 1027112333 1396334727 971572493 3868502120 1492068841 2063219620 1738466081 2603307399 511624214 3585967432 2060449946 3273792053 44057291 3717105716 2672521995 814690763 317832671 3143199026 2535854206 3692599445 2902269473 544201750 1215032185 2029298411 182707322 1653447776 1448927005 699614923 919110045 926079079 3317896786 4158901505 1683448686 3375948360 4200862866 424309956 2630159591 25485490 3323411380 2369479090 1963117857 600953947 144955217 1638360297 1900828719 2773243130 2295396398 
316990880 2126319568 2973039447 404124129 2261455943 1796502752 3226476268 2019635203 1330442043 1685255929 816354382 1262172829 599416552 4078854282 4288762301 4242933754 3913365700 3680155638 1527899829 4268341598 1066535477 529495010 232848269 2622491708 3176517967 3410163501 922220591 1051000958 2903735051 2969002238 297949632 1093592426 2189601296 1814569474 3774789920 3217630069 1984507959 1822504960 3229368469 1784559393 2587901091 1942650396 22345490 510089013 401289215 1212618345 174547346 4234765997 3384393223 735299239 928386960 2160789869 602061617 736638526 3044536969 1295683731 2063504544 3013181124 3351675727 
2081830466 1929724013 1040006997 4087308425 2386048817 3847524096 4158662149 3338209614 716157641 3301349585 3510250397 1190564734 4102000191 1613343120 558022624 2756531165 2222223515 241568275 1881927298 2195481512 1959131676 639698139 986947512 1596190419 75040233 2982910528 3506114614 2194693079 675447724 2559690821 2158053857 311408831 435705399 1492413211 461545633 2548049853 828707076 3751394729 307863554 2774261826 2371128256 80141562 575078188 3545089160 1412251611 3575025057 3474592495 908016457 136523550 1058491293 3051272295 3355116648 1687188885 656442323 2619898156 4107497370 3397832181 3923224021 4051137362 
2950507324 2121838653 1246055639 2369138747 2301493527 191584139 3301919308 1570207120 3763467867 785157467 4248640495 2462162773 688854708 2983402279 1576850755 4135423784 2226202477 1632372387 3593218722 3842994891 2066087048 2862321846 2436619157 1294625599 3054837086 4059837704 790928594 697530991 1059791884 18616133 3020401756 1572939429 3832088318 875128948 248517730 729060335 3733204345 3485119476 4140411324 773144932 3996807263 748513104 3315727408 3311118143 3673675100 734007636 3680730357 828267307 4174854590 2908587582 3761028779 3899105254 2825350543 3146831208 261617186 1764610213 718760766 2460456420 2394695111 
3008496051 3163170924 4094919489 47221074 4187914104 1702185129 1049486823 3386890674 958096805 984301974 923129941 256659166 3099332973 575911417 4201138733 1608736426 1351781430 3133113337 848338727 3555685123 2926549876 2982181776 3405938383 4271238995 3248351291 188665538 4038244189 2052271083 3946580821 1298023230 3216111843 1253300514 609063502 2633967377 1847272675 2060649716 168870314 1074259374 1708921776 1895564383 291269523 256248732 652286840 3203017479 2091318749 2342010048 1058536523 1237758987 1340385780 3158495187 674783577 4181261709 609016585 3881766573 2720021614 2454965727 1215348144 632706210 957513683 
2755936604 3061246106 2531222257 3219726617 3471338700 3204145320 2734017404 36158193 657807976 821816063 3700545180 776538780 1451149739 1534462154 2692896181 3754277530 2192459177 2424343498 1093313963 60111939 771466971 134496687 4161459902 2502435264 1706503115 2426389436 2625584124 3245823716 921702331 2849172907 2541455084 2190093386 2408483250 996576765 397796732 3194038845 521255776 1424822891 524936660 1160409530 539623492 2807775979 285344936 911161533 2400502037 1520691419 1766578781 2788049617 3556699824 1315194519 800700550 3012248408 1870842526 1977886868 2994786616 4180194113 2591460116 2380131017 2859676025 
2159771454 3006238577 3569585877 868009096 3387723015 1182452074 3261948163 2488013070 470219780 1098431841 1864770431 2055009378 812910789 2643351270 2711847090 3180081994 1504106823 2250262843 4254891188 3383126990 3124002654 945698549 3129613214 1690348853 1285472014 2210822639 3610084103 1861930398 1458702432 3637887632 1397232801 1269014554 3213284174 1855969537 3281436793 1679236306 427971120 3275227131 1357794596 805137114 2275866691 3016736103 310478190 3123777719 750526107 550555911 3018741853 3960281826 1990647967 2785001760 1062898384 1644335229 846519760 1977946030 1395938610 444330537 928441007 188324533 4091624181 
2953371699 1249274226 1543140607 2245596032 477404400 130620068 570337654 1225516782 473143064 3009537771 2232553914 2683189795 1342520032 1517659825 3415704807 3866816951 1626542602 2346367611 2967386764 2959624829 3738793322 3727776314 304380369 4106581721 2295722505 2440430093 2612013759 3155220513 3400330485 2351902806 166606200 1822185362 983770730 1256167001 1731667973 866390817 742176649 63472356 4121128869 729416584 3893042922 3844167295 3117507897 385201051 2088309555 3488454864 3283229394 962523051 3909689706 5861279 3046877799 2003789473 319702689 2449082367 342721676 3523170860 3732262133 629515699 3659402686 
1238765005 1748283910 3262771238 408105731 1079788121 1020549325 2615664569 3156251510 3346939041 2300072692 1336121619 3932503544 3484186644 3444360962 87696414 3868821796 3957820839 1613988180 3371505080 1199978028 3816484359 4080613137 1065775110 1265025887 3853325133 3348813562 838167336 2013138688 1634556028 2024323835 3642442644 818313609 1253845332 3204265835 870364323 426453880 122366292 2227917273 3929413040 1058584448 4064142490 1199088311 411791447 2608276116 1381876082 2895356005 2242983011 1553941586 2127732100 3565275619 1271208670 1117118933 2318239932 4031784233 1406470021 2972126655 3534412070 2262135789 3854943362 
555481393 2753954024 2975832196 1699953070 3086201257 1028328847 3406386726 1774415588 4027563643 2508038198 2419370374 3387415852 2355950325 4074239966 1690012819 4009160629 3231919665 3414936223 3571260788 3173288667 26704819 2629432773 1332750719 2234277092 2538604974 2303554248 2317282334 780342695 1965506085 129294084 1079480818 937318701 4076789826 4243028296 3118917247 1774512232 2741169960 3243193698 3227714137 616860287 3044056006 200530608 3943775991 4262797181 99283834 4072673361 392452524 3275838031 4122730181 1291968420 3695188702 4021363447 2997112732 3869498611 3926376348 1867399036 372985427 1774960123 1047764260 
3745370856 1952142241 655080598 3019522769 4145768171 2156201859 2455271089 2945897577 350656606 1475512414 2008688137 1475527391 3090200043 2174312858 1060865105 1719186433 544283638 2702655015 149957849 516620327 1985940446 1456886828 183337892 8914694 1001129550 3591033631 4227942166 319797028 2144363238 4281544045 2322603288 3533319045 694828670 2093893278 2218899291 3193279366 1395765782 2870284140 4034954500 993136919 1196219232 1091196580 1881585666 219843381 3408026126 165177896 1559837860 711117008 41058625 1207380432 2318298622 3178895442 3648080882 1189205891 121945766 4061068417 710375147 1754014263 3490418301 
3723466285 3941592241 2574469820 4052273265 704900535 2722257106 1893129818 4033215849 4070241555 1986278784 634498290 4108299594 3637168904 2073106790 2169360677 1922363020 935339512 1296182902 3010105163 1044494413 2463684455 530983969 2115397138 1026900774 1766471652 3499642073 1796374581 3985596530 3265458443 2345856633 2807483124 1167541017 3779018485 445602082 2607411274 3500087047 3638037158 518340468 2530728475 4152416509 413142821 2141719510 2999810427 988728482 3048844806 1365884750 4059252041 916616362 3709114166 679712083 3998022130 688894841 928792333 3174976752 1821116004 3912436878 2881850917 1811176718 568193022 
1806693392 1342806427 431639969 3475361431 1217688037 3834829805 4131841099 1332096330 1689363771 1350218776 2441731133 3122799045 3479642307 2664035911 797388535 1235300537 3763459435 2858929306 419919285 2740265863 291205570 1381531743 2552802758 707016402 2026845829 3184370446 3515729324 689690859 2556434768 4113434328 1762596739 2041145326 3998153765 1112736642 1675533288 2826222116 806413755 1405093472 2131239645 1795541071 3428104935 3874431084 955975415 1740717479 612144330 1758809500 15747278 2895638897 4278662199 1419682199 4249190186 3945537319 3497313409 1897440874 2411023825 1830045015 3698772916 2667911591 1318687502 
1478480931 2391358993 130421299 1392904799 673378446 3704401097 2869618350 2156022058 4167397453 2201237740 639533746 606635579 427828161 945984817 1233731271 4007733735 409253205 567544321 279165767 1261917395 4148055739 2973684230 580868671 2011264809 1799063422 2967870324 1814890051 847555228 580386382 4025190764 2343001668 529974246 1746194759 3422581471 2892174577 2862310917 2610847293 1937638404 1819322219 210040252 1719105859 513026501 4040121948 4019533769 3468710489 3706778835 57920282 6812307 2770833170 245692216 3643946330 2019506036 4062596121 3788980851 325538741 274292176 3779226381 553155359 1758473057 
3666563332 1109681890 4221308327 2690851255 263725749 191467942 2313731166 1295576987 235563915 2938373429 3971417556 1416513503 38035398 1766519604 3837565674 1067814071 4101225572 3239885605 4084462530 3046957550 2929614873 3235753028 1887835470 811680641 1666711393 2854807223 1569418554 553300514 3473390923 156592006 2822115482 1378984592 1247039303 2697147905 3097425011 915966722 2574558777 3932979463 3824496463 4053306576 1435208173 2379109502 674169552 3647541623 1490764418 1170682990 1828956669 830575308 681820693 3342014067 448852356 1173343856 237023380 2599011927 2328598133 3540534087 4198956108 2969813335 3769546456 
2743810307 790972720 3248621841 1894117751 1840727009 14644486 1629128648 3621863726 500489377 3515419347 1211141574 1510626884 3878356641 476211903 4247773323 1240326114 1305531115 2304598769 1757861907 4205980885 2215616640 701395878 3351890561 3579414020 3218878493 2309866970 2119861362 2704017071 689689649 93040608 1195122509 1528280486 198994880 2608571193 71090261 1804648166 1207379288 2144867576 134781195 2212623458 3500785452 3706656200 2574625038 3464972526 667713026 1124363932 717800434 3903074366 2247298483 3747258974 3585471715 1175756460 3221474332 1885044442 341900230 3524300563 3577551641 3671813567 1076501264 
