60 59 51 49
-340420793 -1239284832 1072538921 -820882411 1059415508 -1652063048 -1831138243 -712027424 848727485 -147663393 -888073601 -2013068195 506993349 -258881187 -1454644941 -938524475 1012847757 -912677172 -837002240 2125754283 -435198419 9894630 -924480898 -1197557404 -462353603 -1035797365 2011559288 -233830274 -929987741 -2081612598 -2136930805 1690050000 -1801692883 8662251 -105065501 -1983510977 -306263915 425706492 694346543 -469228288 -2098615737 385971839 1294989075 412796883 241021648 -261058496 977636233 1392770699 -795403765 -1929068503 1530989768 1649210984 1840981548 945399854 1098066044 1845254570 1203886786 1830003710 -812119411 
-1587028196 661194843 2051019823 -369312559 -855879771 494783507 -16043295 -769227361 1721083438 -1470016696 1150459908 915794778 -870083301 728694835 2046308224 1770873746 695380653 338698123 -1470221093 1346828407 1896997892 1768752589 -775107657 1589446879 712737009 -1977071906 1364296000 660668045 -1029715871 -1561449368 -1348730317 -1524264375 -768831327 1026099322 1894503240 720172804 -894731588 -1918661232 1926523914 432823744 -1229847261 -826777528 893762685 73603832 -442292877 -503713459 -1528847471 -864465138 -1560372505 -2136427224 -688408758 -1659904762 2076130190 -272628081 1179772768 1230336479 -1501724033 1125660940 -1913131779 
1977270343 -135461610 -1846253486 1428826138 -69717521 -531295678 1168313012 551241499 182002107 733048777 -949770755 -915745278 903598423 -703372091 168996978 -1660833479 -1640753635 1722612995 -1627010749 1029346173 1705762473 -1026731409 1118752951 1411167154 -1593339206 1388841095 786992607 -2065758206 -1765964515 574197824 464309777 -1889109546 1681663248 -1294879389 -1067826379 -213794949 -55709967 -830670996 1681004461 2047733196 -681655508 -1197632429 416493209 -1104797975 2040777343 -296860062 -612405687 1744838728 2020803504 1593745916 797891646 1421978714 588361186 -1430322428 -455657195 244100503 -1958201540 -1987209710 -1607805745 
591236751 607998236 -1309798098 487601197 -1554444466 448539258 850635062 394527302 -1663367014 -282725170 -1274395938 1775174051 1707827746 2033286320 1781039098 -571228028 -1150576606 -2024346902 -1254309190 383289548 797098286 -1322284563 1582173961 256625847 787331751 -902911134 -1781900393 -2039749191 -1370069189 -1467128282 -427979933 203866801 -1507147113 874089383 -1415415111 883110810 -1945382808 -57661997 -965189125 795612206 2069064122 78191191 -132946689 -2041129635 -677199601 41758345 613222165 -796256046 1789389588 252187048 -1481336440 -721427792 -879749880 -1296423545 2045948723 1174390899 -164012052 -2022910756 -412340105 
-680478378 400022587 -628329768 20952590 -1422506580 127431970 1160897991 1879888168 -646203029 1633076199 -930984377 1181144287 175087405 502385781 -2031922843 742608632 996153029 1077841889 1234196878 -741670219 -899353179 651826217 -681654598 336017849 1887662440 790453418 913018988 -241961001 -279444389 640845340 -114357445 -1537753934 -1986917701 151990144 -495078585 -1744369526 -1453449529 1999897989 227909281 1026634642 407434481 1345799542 343020101 1316701218 -365841152 -204636956 -315952057 -117774867 1002034041 736617631 816805016 -2116962095 -2088151816 1193010332 -1736654730 -732589757 -2063146812 1186228528 527014520 
52523230 -166030590 -1008314661 -291526503 253593753 823959420 -1148144533 1994880574 1046247735 -1479244784 1537847930 -2078832716 -1103200329 1562711088 -265888077 -148042296 -268474794 1209158564 1560858961 -1394499494 2130259344 -459736753 1567897755 583216355 -1791016387 -444544188 452383124 -815034042 10819656 -1166960747 -1226959226 -1627940627 -165158570 2098104611 544603530 1145797354 -1683825620 -1905850531 1714333268 2016254557 -358146738 1796891392 -58217458 402314038 -1053962490 -1613456437 -1448051989 -726988574 996714179 -1880550278 157835673 1959866481 -1079121324 -2100229231 -719650471 -324581228 751798245 -693016214 2106832590 
18992873 -728451708 1870956608 1733938973 -1782807711 396517464 309646725 -726492720 2071578375 -1908966153 -1949838456 1743807565 -924533857 937000241 -1952379433 1561277119 275110801 -1871768751 1424085674 134556782 1393478185 152930849 -1374205106 -1666926839 2092197033 -1999159110 -1484222725 2002510475 581400279 602461635 -571417639 -59808086 -1992786941 -816554294 365436102 976873215 1546760867 -1935302002 -1310566702 -1331423828 -1764968967 740131277 1880945254 -1785207144 -1991280731 1342032742 -961416613 -1680294691 1738605983 -631501698 1360206641 1756889865 -437564599 357310108 -139954453 -2136789385 -1907695372 -587800422 -454275087 
852353939 1388589122 499334799 722640831 1708962470 2083149578 -1788185944 1516681041 1172276515 -1885138042 -2125591448 -604933524 683898149 -360188264 821144698 -882755124 2053553897 1079823463 1321303910 224655670 1254142095 -391998290 1773067110 1273632524 -445359399 1014083295 -2051929192 117440869 -2130073214 -688899426 570839825 -1758126750 496000416 9918834 -799006836 1551923694 -473410605 1047558163 -335486926 1494060260 -1662166246 -842755975 946845808 -1844940490 2058701182 305903739 1368540425 -367061721 953384507 1017691463 332862958 -1946527379 -1740197892 -2076185618 2093331914 1844778159 1426795247 1098949546 1641876699 
1083767396 210909259 1661352805 -533439314 -1269340797 43251757 -1681318169 -1691448074 -1185791349 -1385017055 1477887694 -1106979483 1157444706 1055191326 991499280 -1157256327 2047546374 1231580398 -643005705 2026117135 -314281473 -1789465108 -1778149688 1808092325 1677654170 -1257808725 458856969 1261032870 1248116844 1723866519 839285930 -1684133449 6160493 -470901281 -361272446 -958428522 1934370101 -744732644 61125159 1491467351 174872429 35993090 -513523090 1195757479 -985563353 260435060 -1071349131 -1178081552 1782733782 -192038251 629499250 206664596 1288411242 -1409529602 -358774136 1895698762 995511537 257905866 2077630318 
-1309901452 -470450232 -1327397553 -756544686 1860531402 -290137231 804381992 374499469 -110424875 102484172 -1821504312 -2085860830 1178539359 2010035162 1254029594 -72835788 314231288 -1642565253 1523779151 1072219891 986949484 1201230315 -1405936442 862551597 -779380814 46039999 -353537716 951054916 102900664 -1830455515 808274413 -1530193572 937645446 1937023034 -1530668420 -1196684813 -1742986573 -219832783 -1482403168 -374990222 1160625529 655034689 1234637544 -922770711 -1609833380 279404202 311743674 -2063110331 -211529993 1996786619 2146222751 522962031 -1161663269 1922534223 -1145206801 -260326611 1260230045 -145913575 931052137 
2129668909 -532882361 -1099802717 -702262235 938572068 -1137435779 -15402130 -372496533 1736684462 754521769 -218969109 -507638160 -1406624773 -2056851655 1513194396 623311713 -1409039668 991785568 -1699725041 -512801874 -1406854462 673951948 -1162747032 -1350287343 -18426044 1630718659 -26232009 -1954399838 1715788116 648750341 532453340 -1355622470 1067748284 -871135685 -1990605968 452428516 944722985 -1326802167 340917789 -1767815085 -324986282 -662972176 -1103068297 -343920313 -624379051 576837877 132102422 995975175 -1325382840 1159028356 151535222 1346624918 -816851288 -1988520837 -350368650 -965499714 746870399 -2034117599 -368518053 
1603090177 -1486744623 366532803 2104746706 748113027 1829258303 342229200 433677804 -452061186 -688166259 -680985973 -85588142 -1779649850 -1793428800 -1307175868 923172691 -119694127 1441654580 1083529573 -791411089 -1309764201 -1444261624 1017485651 -609902416 -1896409236 -1042901802 -1009868323 1754308314 -175293832 261872701 1767165029 -2106242581 -1093333567 -105650575 1871494805 -176322790 -1810164179 -1601023034 -48938676 1410035285 248596955 1468508990 -854440719 1684104425 -370148433 473459328 2112396702 502222872 489186555 -1175435606 -1845759239 -652868850 2068953036 1205315767 -293164738 1382470324 -1870004273 452485176 -1701541670 
815977506 1493970281 -1391986353 289343104 -275103326 1337042150 754725147 1951677827 1831680588 1196126939 1075283571 -825658648 -32378267 -715579457 -529577078 -409814985 530372571 2039170700 -1885230268 1374584465 946132653 769860817 -732084437 -743646688 1224760096 1184655698 1388869026 -85240733 1367033423 -303972868 -1478926806 -346230832 944541468 -230722524 -1923637859 -2035789621 181311305 -2117156477 1474448717 116022428 1216047936 -378059901 -275209996 -851132846 -2035477179 -1077253693 695201678 -1596309974 -1023696739 -2115998359 -2103305291 313684319 -257506357 1013081820 -1457445792 -371631443 -1405256121 -1655719112 1291858645 
2144946625 -1480144649 532062655 816975277 64033579 -963189226 -1289005989 -804092544 -428680391 -2010936408 602041822 -891235298 708474323 688227373 1078670491 100291288 -218380367 586278646 -1669126972 863283667 565043838 -1955177510 -1222848584 -1146947073 -1126086405 1208910070 -1316850397 2096690782 1528695839 584915356 1975364235 -930658132 -1096978360 -442101821 -94256627 1111197693 1932466176 -590613141 1411803368 498201552 2036344761 -1788725717 773172203 -223356504 -455186571 -603352540 -962916570 -1160633632 -1728646783 1569759784 -790349768 -789722614 -1178687257 -1142817221 -1632642968 -1728247100 -1660269223 -2004380937 894337900 
52485734 -1012340635 -378653747 480433427 12767015 -1263106905 2082150633 -729746701 2052607527 701512584 1734092699 85069944 -141462689 -1276684799 -5470483 -433404792 -1612876667 -649912943 302356859 229815341 2058520794 -763335835 1110621678 -2069475263 1470230628 -1733666596 1163382331 -150475224 1895349292 -1516594462 1328231180 1890632345 -2098293795 -1711612771 1404088942 546548473 723386635 -1777846757 -1259833271 -296793319 -71853071 -569208534 -1707155948 -2008406627 -1884580178 -957524973 -1599010678 -229049176 -595133236 -339753670 1925639981 1594856759 -630479675 -1335570613 -275066296 1388949169 -1285783979 -1672244245 13749438 
1749075867 1181173649 -1746491489 128274710 1049000938 228886654 1765300531 -1521838749 -1042988142 422373455 2101409355 158242771 599533946 -2071070400 -910035512 1417201013 1156853625 664386464 1560180796 -69183314 2099389278 409996302 1961291526 458370844 -1539084205 1491112789 -1741961648 1923376421 -1639189872 -935150602 30916140 -1411290024 -231729721 1645229876 -1238318153 266127860 2098533155 521217357 -314279772 515053788 -860403084 595208194 490069298 1187085863 714508405 394942060 -608356105 1749462113 1701312215 -334064026 -2016978525 -1342937248 1993520899 -27289344 -1931071157 1231614833 499547829 -1148189628 -1256548129 
-1738628542 1559793808 -1253622533 1359697191 -1091025840 -314759555 -586252800 -1673772788 482136077 393901129 -1384978080 -933122873 -446550755 396445048 600951228 1812156932 1350499456 914018914 1570313937 930212187 -1916311175 200900174 1724812456 -1522026990 -1930741000 -1908651291 1307388303 2024621891 747529566 2110412755 -1807041639 1586435306 -542435351 537021510 -2100821719 1001243427 -584140129 -614505328 -889828418 1743099160 183288916 -209233319 -1570267625 -1607485541 -970207271 655366849 -295910737 -1287821615 1231376772 -30891621 1329512093 -918703734 -299313497 1618520931 -1020997915 1739230072 1322700349 -1226562294 -156213425 
-1161592684 1928905526 -2139335610 1408784703 -295096339 2080718490 -337472961 844010516 -2123194609 -466217056 -1868366022 1652137492 54353120 -650856323 549238749 54163425 1458384310 -1609422473 1932904413 1563492370 -614498614 -1573664003 -1030808356 -430012724 -1841361448 -1612621001 1250817282 -1574135021 -426091720 1747922948 1044181725 -291893099 -2114724381 -305741432 -1762001205 979334371 778872968 1656013327 1527058028 -647409135 -1498130172 633268748 -1607290366 731285367 -218919235 727261073 1339429340 490970153 679419593 1371661873 1572822772 2147447900 434310865 -700940701 461855421 -24074455 98409833 -375633793 1211691744 
1299246684 -999103669 -867994804 426566265 885906188 -519756783 1342905852 1435925238 -702718129 -1964942291 -582161020 -756815733 -1683068680 1957053721 1217054171 91997458 -1549314708 -1607565184 367447103 1618627442 -1194656764 1947805471 -1785231584 395568822 1375922088 -1623974579 905795232 -1379144369 1542138200 611622727 846830276 -461404761 441116257 626632105 408912104 226623158 -884438941 -462575562 -242012142 -1033538950 -615492395 236402367 53064194 -1971376659 1575114065 1329526793 1731145939 -999998472 -35842794 480283244 495712372 2025064235 -1278111667 -293840907 -1753883388 1456206733 -1713378462 -1545914307 867077947 
1816185780 1461887981 -15142985 1879241549 -1994466736 1620622458 -2038178504 1153041594 1151896469 1232336970 -1406855056 -1648162788 65229391 1767956955 1435406047 234759217 -1371173144 -1015953620 1364445027 -70293336 -1728966929 -1200843580 977340894 -147092832 475226083 -587291184 1675142871 355270117 -378021690 603193397 -862899198 458904783 807753755 -1823714461 -1510970177 -1953941239 345244058 -1059469928 352962078 1824589587 1168760455 -24383689 442159059 -353726205 820231862 2052950733 -1553627545 -1637984758 1061171420 216642639 -320312228 845492182 1149318160 -1499072029 -970069123 -2071140427 -656414607 137752865 -826276845 
1857910409 336127101 -197502393 1857168944 718184736 -1439933519 1273106381 1530944652 -1879349915 -1175750559 1683153545 -836080177 -589041926 -1802390467 1169122547 2131321736 -1919406202 -792717784 2081326087 -294139740 1824337538 1246370395 595331907 1556252039 122197805 -615818540 -545061162 279775948 615776181 1991782143 -1735862039 -2019694364 929216564 -584339570 -1332857696 1606797373 775647517 -1773226419 -593191416 -2106004390 -817429947 -263953115 1319222893 1093867011 287816758 1941652467 -1725157648 891599555 -1974944192 -151765452 -530375560 -413697977 1924885959 -2125643713 -1721681336 -73896941 -360104298 -362532946 78984178 
689908363 -151418032 -2146179479 9696228 -540021543 1753413290 1535911781 -1828086828 -2020430773 -768279173 1917800283 156866585 -836666243 -440807572 -2021345781 -442701048 -1325008330 3578877 -1803260797 201610736 -1618138028 2074366099 -1018077786 -2095965382 -1407847895 -2092216795 -1931856975 -2107206433 -387845620 -1064527270 -26996547 -774321647 -1490466676 311690778 1789237823 2072472179 -1485597923 -161167963 -1522072097 -2051452205 311412517 -1127789453 -1118521367 1465990873 1013376329 2100065610 -1851663527 -1037201032 -202677397 1133051338 -1792412639 -1808649285 -126532692 1847126548 -1239384568 -1011606007 -88539659 521197504 -1251070525 
301419455 -1207845905 -2128073997 2057690073 -1893716830 -1620509679 1124886775 2103332499 -1040026937 -1288488663 -1983926250 -1079091932 -413698044 1054507183 313019213 542507357 -510684814 108813775 372683603 -285647124 609616565 612411523 911223229 -645011524 -245020059 1516030660 -1127635230 1824966826 -1322511261 -389048165 1814748445 2139327406 1894622840 -2116890884 -2052895921 -1356897182 -936557355 -1926687055 2115660774 -2026898765 527456862 1276456085 -2045375408 -357517913 -316828985 -880851726 -1899844172 436995805 408020991 -623757965 748727031 1882170356 1243479875 -231759138 63095398 -827124818 1632812730 -1837797274 797540520 
-1000628405 2002872988 -1049266312 1137460366 996597310 -1333568423 -1788360740 452017821 -900720056 -333997948 -1527534563 -652806297 -224050589 1747558111 -837053105 353871005 -1006265540 -1118795787 -1944893411 -2104416146 -1903772668 119617571 -565157803 -1614610068 -1945253514 -1194137401 1637868022 -1286120375 -1625923408 2021738899 1883774878 -642957642 -1868479424 1467793226 417901762 240325562 606812377 -940018897 -1475962609 1635495710 897800993 156245352 -31439717 939090692 -346860091 389050589 -750969809 -79019310 267342860 391028343 -847750059 -1398733976 502350708 277089377 -840501928 1788745381 1859008653 -1118783889 1085728518 
-328739732 -1915547183 1251250309 1226559321 -1857148934 -502349600 1113959213 -1348262753 -2039997041 -1174457788 -939995372 2046499766 -1917158190 -1443574926 -136376583 1101666021 1017597847 -731535445 -1734872466 337153032 981493561 -1381224930 -1947465687 155539603 -400902841 411499781 1570413488 -1517577454 -258330336 1635442504 -424410705 -759048049 -1320866183 1035796981 1756119459 158853931 -1575615995 1991911170 1679982544 -13919142 -1066409546 23277680 1732565299 647074788 -678955875 -1362645900 -103424578 -181660608 -372105081 -367014621 1452479937 1982004238 -1402276137 -975146611 1436844193 -433460236 532722635 -1719059593 1022256357 
-337403854 1452938070 -451361213 -332563203 -1735639033 -1260656504 454747350 -1666354712 2045691531 1640984824 347587117 -1860008066 2132009680 1511065146 585843137 -1869236449 1239102927 655256323 1474154395 1161356961 1123890136 1231315237 1481762056 -63323099 570290949 -1833998329 2076734344 -1876063325 1587811918 1498019677 -1074745207 -679804505 549297513 -912170534 -86864143 -1603491142 -968619099 343064585 -1874378705 1886007093 1150008850 1222775713 -1970834858 -459053932 -1195896713 672983435 -1605227849 1553121069 -926197834 865134423 1972400787 888012376 852824168 -2119446958 1720840909 1564048852 -431614844 -1935302962 667718987 
521672202 692134118 -550577458 -1594530726 -405377981 649472406 1335598020 -1619062368 -1215967387 1609291048 -1775702227 75071155 659481865 1524551909 949416860 -744324556 2036791163 -699290810 1846119731 -682003332 -2012793883 129872002 -118813583 -1831119612 1952497208 849653016 -1421944580 -247659410 1485702689 -2125878930 -1283487227 -280707189 -543951887 -448559495 -1806212913 -506882896 -681334203 1854467098 -2067475656 964294635 -941813708 1661042439 -914898705 -800815082 685222854 493689766 -904485108 299049983 1505138389 -821246793 -340150642 1497843969 176981579 1915881728 1877240197 115260173 -1318698628 2015882128 872708520 
47067920 -1415091394 -1374616238 -1418355440 -800515509 -2087434487 2081046107 -98942312 1497946816 138418918 -1575029074 1529540878 79713371 -1872344728 -1900196287 1903843637 364371026 -241595594 -182230218 -492886192 337544993 815374183 -1888227728 1577384408 -1743405317 1974518462 2011952905 396752333 860424277 1079967511 -1182619736 1549315144 1190642231 -1977326844 1926712654 -1615944928 -210642330 -825013848 1240162301 1230169359 -1133765192 -265336791 -935052904 -1408338235 338037256 1828303442 -1909304104 1010952800 -1894459159 2055431184 413312356 141535608 -7436698 -379365686 -655636311 -1236231490 1323676323 1973753851 -1453040412 
1198412800 619379292 235545410 -2068304163 -2004559547 1573632046 1325615945 -367722615 -1104274045 -139940718 -1919124574 1025492488 1499244533 -694716261 -454969498 -2022402512 1109694443 1275615372 1892004364 -1344259924 583467639 1589358098 -1081304768 755115265 2126889189 426722378 900435201 -1390326464 788445823 24189918 472222237 405933992 694373960 -603443732 -1161687786 1986156553 655475928 -720309030 1102615411 -840551297 -1501913612 1211658760 1491773629 710757243 594524855 -1082434223 1123340957 -459907157 417192133 -1881176470 1338770762 -2112489891 -219380791 2095320471 437861607 922490292 -1863809399 -1143821021 448857609 
-208911137 930144651 -1636023747 -44716620 -1877943592 1431477811 -2089488608 -340315164 1824364183 -962755286 454903097 1882553148 -1271728884 -1370795534 -1357503321 985515713 242456213 1924550633 -1948557053 695724756 1329598995 -1608069436 -170421059 -812154684 -188553910 685492018 17151479 45084963 -1139743049 1111510906 -797789126 278266868 615583005 1516299189 -1953284786 1393053347 305202415 -872904430 -1690555294 1891780470 -350187918 -1952760368 -378741707 -846266493 1258804935 -1181920815 -1605068159 1335491364 1888211874 1997851407 1046641958 -1853722744 1540063384 -1712484416 1315039755 -1903697536 1613101710 942566650 476479717 
2100140679 -1518709977 -1504799884 -1214331623 -401550387 -2076691210 -328481214 -1151109845 1892270211 -575191895 2075243863 -1528541434 1120137465 1472835882 -804467903 1061135588 -600657135 37883442 1347563898 1943331356 1438406352 246802490 942223454 526221361 1899487382 1341871051 1581745491 -1462851580 -1219039331 -875055495 728426693 -915323384 1679367570 1248472955 557681013 693819395 1732353639 -2072687347 1310106908 1137230802 -1703082673 1906313159 -252114516 -155884348 -1104953199 -167255203 1639071324 -1257394450 -1633661619 1564325906 -51173300 -1122282927 -2125955118 298157502 1296682024 1150351119 1555448495 2095252951 1307610265 
2072721029 2054844357 -1301753511 -1785188955 275265154 1239359316 2040306802 -797510196 -194921706 768801712 -227759429 1198213788 121588434 1561640278 580779571 -190373562 -336375088 -759997190 -1441866030 -896263707 -789322128 358123413 -1753757285 301770676 1640817167 -2078846530 -1721544167 2144755771 615194048 -828526829 148152318 -859012275 -1864419020 -2107459015 1642678221 -1013525026 40440279 1956653680 -167416956 -1749313599 1345439084 1706067313 -1145210382 210667081 967618142 1523851998 1848816559 2037365878 1347649464 -421811913 191140877 -1169328981 -151074109 893451131 -535246689 -1409644015 247127762 20271255 452164360 
-1120630794 -1755445517 -1096881288 -924119186 -450244625 -948516556 -729839803 -1379121912 1645708936 -923127154 157038894 -464672828 -906818491 -1495101708 -879448921 -916046738 -859692995 -283541971 -1020538211 -1129484765 1073773905 -105260083 620629526 1019561340 -1578855770 -726010598 -2036305365 839445532 -445022011 81676625 29762140 -2080308006 615819362 618877088 -107279946 1036354625 160574300 1669248267 -1509976099 693425661 978720737 -98826081 1437267209 853505658 -1861420350 -1638410081 -1791545650 2094527477 -1594090939 813652456 1277932567 1621535441 1090888201 1172102658 177668463 -403870271 1998687152 -1795118575 -1012083079 
-1111548983 -705533104 800147599 -96273717 1152064963 703675185 -1612696654 -1639328738 -584376874 -1329614455 118775781 239018362 -8642898 -2081552177 -82447516 -663621467 -769486869 -1566548140 -54747280 635549461 1715791089 599685229 1677625181 -1389801702 1308231285 -837640238 1720328490 -749327530 -1441058773 1181380158 896915816 -197783607 -1083927533 1475223995 -1669451616 2138764678 -1566464530 1818683647 -2008252693 -1409801027 -1351714559 -1876146656 684668127 -913445920 -199665189 -1026120756 269612282 573557795 -1943415467 -2053785011 -1643635881 -277711518 -910435868 1208995246 335157572 -650614698 -1695446748 -1718792092 1013226577 
264173668 1278787828 431950695 779676103 2048081682 1839547846 1605758020 155988942 7362305 -1964853628 1638584229 -1570476462 -1026021843 811895088 386148615 1951811550 2133517247 -611574241 989425415 -1931833352 -1057161780 1771709425 1059241068 -2127220663 -1970505657 -12711148 1860917802 1796323603 -1763645832 -243024832 -1032155165 -1095558047 625684841 -365120476 -185744376 -1362204493 -756382686 -2048033254 -1524496766 -644490212 -709065404 750786382 946069521 951003039 -196105292 435977821 248254807 -1820288731 2035868471 1532376239 -530444113 612995677 -1755910952 1795052210 1710974175 -1001443937 792994919 960896367 -863915520 
-351643275 -1765633246 1437611250 1512458844 -333660713 -813027607 -1240102722 -1763964095 826854603 953005652 1906501473 -2082856068 -1346856048 -668573880 1258954842 2007515725 -1703744547 -917460232 1580151028 -703036813 -898154547 651827342 -2059115105 -2041995771 1872889979 -27180627 -541652869 -1263259364 -327547138 -290816610 1906851217 -848958210 104394174 -859395828 -1255692388 -2071692579 1270859965 -840285116 -485887682 -1280452663 1379654434 -485634513 1721635734 1066581521 -403491258 762541442 -573111674 957430535 -576976983 1570931984 -519331365 17052252 165413274 -284554647 731293888 -1892526484 646892453 784540145 -597376187 
-460409052 1322742291 45163208 -122588069 171812735 -2093285895 114717100 -970008800 -229706477 -632443627 856144092 438012182 1969190699 -1852459502 2037841743 774489499 -322393289 1620077811 1590507856 325492166 -569948616 1371186954 -1475724910 -667247076 2000952846 -213160193 -1706634751 1604449547 1419497487 -171706731 -391010419 69185409 -453747399 1866969749 -1554458109 855580792 -1942064329 1673441598 788589342 1317198986 1558121639 385368737 1616485257 1197145933 -816517315 -2064756642 191762698 -1934772716 1695926713 -412481966 -1819157652 1148546368 -944546222 -873973997 1830586009 920350743 -592505934 1393086235 1253294118 
815134105 -2023805393 1429723700 -80186453 -401993516 -624714244 -385020942 -1809769985 618679720 -2141760644 -665262082 811390572 1547360840 1959974405 -503403057 713824388 -2015183490 1485005226 1789508051 1531804362 -1490044829 1482957159 73494466 -1689231699 1665188449 718013331 775203811 -1476700404 1435628286 -1964163104 -779004872 -1909772452 1910024441 -1927448203 -1050347193 -1029106922 -29879398 -1539618080 -1982030743 1604367643 790010533 -424187312 678774171 -1176934616 1262747486 173385813 953428754 -1907644812 2121783010 -141047172 1670482249 -534353525 -1622487760 -1827575033 109029803 -675098298 1415006554 1754677070 1630122424 
1346800795 -2050563419 1908009318 986368674 -1543930461 -1199444409 -748551587 751268426 -1874606062 -1675297661 1591836973 415536966 135477657 -1998554112 422721056 466357135 -1913604437 645984858 912141584 -1502576018 -171886836 -1322057640 -870710243 1651396992 -250980669 -847685931 1641707061 -169005079 1154044113 -885375276 1218141206 1268246026 -1374277594 1825708136 -998635172 -1381847702 -1462355600 -224052545 -1157237724 343106617 753594319 1165673958 1086224998 1442566560 2019305457 -1870492455 -1765547421 -241425160 1369452591 880570873 430163220 2144232192 -1240178318 -1884882023 -1927679550 -1329161699 327771060 -1224319850 247243768 
-1544005588 -975142461 1135795849 -1003856660 -1207700347 1130801951 -1394810017 483072528 -871942534 -1682286753 -1158280447 267008806 -1356124544 443428888 -1966739886 -1574834664 -380043287 1144984168 1069212591 640597168 82845276 -954584388 1431644489 621429311 -480996045 -1338422799 2065408780 1194528322 -1317856483 -1519059547 -1182418788 -1459109498 592527974 1247746556 -1420433269 1730324778 -696210545 -1508461930 1683169382 1458829148 2133167585 -691215361 210505656 1713895001 -431102429 711259393 759840334 -673212286 653717003 -1637704695 -725408100 -1180728517 114024991 996222160 -327608252 1415273605 -2063806157 -998882627 -1218992545 
-1383450625 1455950125 1834323104 1615140313 -1491746076 1012358437 -260215784 -1705099187 1734635475 449632311 -1740752989 -776973842 23039976 159352936 -22621791 -669269489 -812369089 42225482 -648752578 314374104 -562862788 2063180662 -1458051445 -651281940 1566330694 1928681236 1235475667 -1874586492 257423112 337245310 1090964068 900980302 114924896 751176458 -579213063 1753114320 -362158325 1399591918 1004396019 -950948338 1940010836 -2006132090 85427654 1245041774 588838522 -11368601 -353614592 214644938 330008302 -284705209 -1172912087 1357340727 1258380801 106020970 -916481971 -1920978239 -109752170 -1590374696 924786956 
1445165583 -1392217348 794267854 -1949832712 437091446 1208621407 1155896467 -1208347965 -587322973 -1037161839 -995040402 -645599030 -718947919 -1880793998 -975877651 -403990754 -1912459165 -1633503302 -1329388543 -1785528933 -998320150 -1915670982 -1906822346 -859914040 28425253 -760626184 2071413348 381913154 489632554 2028784562 1510198900 -1358705888 1607186348 585895879 363849055 -1784544306 401312731 -1994661977 1378307835 -1881358847 -329135634 76571343 -779301883 -112941059 1874414726 1184931036 32600201 -1039891768 1842441316 -1350443122 -493342392 1261809586 -1126060076 -1839256210 -351465857 1095160478 1905072642 1871833004 -1434740853 
547011781 452587022 -1808520332 231030463 -720398550 -484344475 -1423378378 1002715967 -1853564789 -416729137 752008235 1532474245 -1788759357 70186631 8920573 1969944990 1861386298 -1108165117 1784038814 -885738413 1096713619 -564501380 -1806942993 -706488679 385523087 -356170014 -1099907228 -1986951197 2066907615 656517854 1740733356 739001179 -17495780 187826395 -1345484863 469806535 -239617352 1489618684 -1250183823 -513023502 1821203967 1490935685 801161005 -805556681 -989735151 -10064317 440894426 876152255 255486081 -372566042 1266908426 948455988 -1719931464 -508824981 -637488355 -1756491703 -1276886730 1002028789 -2102842047 
-937570368 1659263241 -442532675 1393609164 919791589 2011760567 1548927022 -2033053414 35052741 -1544443858 103865848 499649472 -1826103258 -118671949 808055750 1658408789 1176243401 83948836 -2080939854 -1490729850 324871663 -613132792 -449976461 264409022 -839926118 1166181892 -1223708400 -770604910 -743084327 468298071 1401274813 1813274574 -162624424 -978141588 -1181808861 1136993906 1848006645 463838595 -2101771976 1041678935 1585500543 338051941 -509814943 1498145455 1562137827 -770400599 2108467947 389900946 1900720304 1295210688 -1750708663 666781010 663636000 -1043137019 -147128726 -412451589 -1069931609 2146760299 265422486 
-939772233 -508525751 1578026581 362409158 656842790 -1625501203 686023446 2046504134 1628122219 278422763 -489198544 721861917 -337533680 -1348345721 653983483 -2141758450 -1388710185 -1066766465 1509057738 1649294648 -1828446075 -594995435 684861371 690561912 -118160016 -1300772570 -726714315 1638224815 842422310 -1928336500 744888016 -294339801 -529602206 -1488739945 -1993031660 5572719 -1613938907 624997023 1933226340 422707229 164948670 765740548 -1972756407 1686801101 1196151628 -1555055354 306241379 -1878292447 -1239280832 -1348296360 -1705671323 1197245618 649118869 589372798 1497302515 1666912924 1979315423 236506562 55309417 
858797976 905625118 1496458635 1351526525 -1770567508 -1683852321 562570777 638018614 1105404408 -1943241988 1169969238 1624381940 427133438 -981857268 1614916335 -10914390 -1909836844 -284132438 1735681917 -1391669574 -2109988737 -1395078104 1016977737 1857324554 -373440127 487830024 -1225572583 -1387818761 1994126288 -1113331170 2014431721 -904416208 -1315075293 -126656662 -1942609694 -229888393 -1353339824 -1560600733 -141294352 385350711 1853945207 -483367582 158427921 -938128860 -963854953 -2004962404 -300328667 1206655509 -80833320 49322761 1232663086 -1620963112 -38088028 620168020 -71374631 258846874 -1312521843 -1904820653 1839941020 
109187303 -2041556903 42529731 40787092 -1190039298 -1532594323 1696118617 -1820856634 1975479801 834463377 -1207082634 36688531 924197471 1006146131 783450899 -1385873056 769375223 -1514972895 1455844268 -1254356876 1651920241 -787903431 -559192491 776112269 -2127979887 -284452227 -123732841 257241108 1206293662 -1843667012 -749049608 577690471 2059569262 -1380835846 -504292880 -241781110 -1460271531 609555174 -221982124 840146701 1976476648 138303847 1038473068 68420706 -335563072 1371528389 1487529868 682845098 -888888165 -1837914818 1252992434 2082484623 1434667318 1634325832 -1905709839 -1660395512 1912121870 -1622314095 246790836 
-2117002267 1564460941 1312138709 1624933730 1907335475 1584593818 295850185 932933635 1319746468 -273868661 -2094953326 1515456454 -2015284211 1019662045 -1895074296 -1789850639 -654633709 -84724491 -458626292 1150087021 1034079662 -1107858243 -594831659 1628563078 -1799958171 1609013290 -30132517 787098932 -1594659534 -790526407 -97877794 -788333709 1055895763 -463559992 -113114863 2096047081 -1543226920 781744711 -1204739713 -1977106587 408223262 1614582121 -1244445515 -1033010148 1489746045 -1350177117 1958044054 1742129549 -440745494 60840588 -872030259 1070082411 1929277414 948336407 1967243972 119162050 -346168377 1774365915 1994424330 
-1284710230 -1466577786 -1496172058 412900963 599425569 248947601 -1109247832 -1208393280 -248994007 197901401 -1677385361 699267975 1971815122 633441359 -1517423128 282143583 -1707199179 1473908041 815784039 -1088508336 486232366 828132985 888153146 1107270148 1359870107 383229931 -714128097 -215489664 1247253833 -1227802037 -1265990571 320845500 497026806 696472632 -1419556650 1953005712 1926160301 440330139 507134496 -1658702914 1381985941 1766435499 -1735697655 -2049633784 1727651065 696906002 -1806679429 1327698889 175534702 1642513321 1894892435 778149048 -486272320 -2136481597 -1942426378 -631034716 1586209124 -585080899 -801650744 
-1223474282 -826721707 1926681860 813674738 -84830159 -208369627 -1864361064 244807318 1847702479 -2088568759 -1288416940 -1968422439 890253221 -357904353 -498271666 1749762602 403264430 1913205088 1057677655 -435900539 68043552 451012893 -1434009687 -237458303 -70187082 -699770375 1767965640 -98502293 1815008341 2135835792 -576140223 -929128100 743047828 -1205358809 -373741930 1316562129 961426479 -40140409 -929815062 1391798173 245218949 200748083 1217180862 989034919 -1444595271 -1836700403 48994751 406040777 339439183 574769471 -1072305928 -123671410 1983835518 -1948594747 -2019637526 562833442 -1147323121 1217840911 -61782602 
-1909619812 1537233490 -1635648687 1227853478 1341242853 313661681 637262433 -109624724 -1233348291 2111779166 -1467446079 -1488670466 -433478590 -1785439902 1735900893 711391782 -244142423 -544369740 1080922182 1673704985 929798569 -2041387377 -94955973 -1426964255 -1868294431 1350665822 58327781 1485197259 -1417886270 -1617900537 -263395618 1490689148 2053099772 -1248342470 529591303 1057827047 -2135478749 -1010321397 -116079975 1102965626 -1120449527 2136285963 -1453491500 591201549 -309750528 1590654537 102342624 -1694377992 -487553284 1083079898 -474919799 87719665 -1084773327 1838015471 613493337 1974846343 92744210 1466126518 -164651875 
-2084906925 -830491888 -2076447048 236869448 2116583104 -1813695066 -1807757920 -1400651430 1435720759 883363882 -265712187 298208743 -851908530 -550691438 -692496580 -111651174 -1100249276 1723403969 28217653 1713105180 1837406020 279538497 -323366505 1889873988 -70463690 1475912058 474856865 1822847753 1633574196 2018948351 -785847413 806708874 604518148 -1088323508 -1149121986 1993222770 43872744 1910304821 -1647615251 -686325217 752489420 1843260853 1359547160 -1206795912 550764319 1951063541 -1990885920 -594983360 335310055 -7989655 1310619381 695366885 -1361282534 -446283800 -337739113 1024289471 -877993591 -2019793204 -1647380553 
-687288833 854229102 754083937 -172902246 -242643795 1037117024 1719714471 962425619 -1270927965 -387457941 1833518539 938790175 176800117 -1756295189 1397080031 -960868020 -1603082319 1153856739 1294260932 1215414201 738494854 -1628842384 1102736474 1775640024 393921137 -1622605015 -674253413 -1501505652 -6989329 1846550132 614766190 -1074492902 198916485 747229617 1610599445 -1757724801 1141388631 1916248663 1795495007 1522467553 1760710532 1274441392 1818349437 -1172316224 1454924718 1809607234 1022181255 1823524483 -2083262741 1288043642 1687725826 268989053 -1929266054 197550325 -1728432818 480113241 10069626 407118650 391976890 
627065095 2033849819 -1539013597 -1104511766 1443261145 -515048734 -767504775 -681741068 -1996083187 -1403932316 916236551 -2015011191 1589063071 1625372965 -1012201933 -1444828383 1287061546 800414935 1117003888 -771861915 2019168936 -595430317 -1890643518 -1119820325 -1983149663 -748229852 -229202320 750129434 -1860601822 -615990693 213103267 -735230810 1054461709 -914090460 -1935409692 -2176484 1097139892 1379204258 869021202 1438542324 504730229 1404338816 -708577611 1732291552 -954869294 1914430904 1993402483 894268885 194647229 973871942 -296084417 1683302852 -1902125639 -157987432 -1204841217 -1123360701 -2009185473 1103435648 182075438 
935578813 -1088244950 -795787949 -179184895 -152823013 734690015 -52890007 2052110884 768629701 1723282100 1163310276 -1681188874 1912758039 -48373623 -60766493 -1230913441 1445233080 -1302660653 -1623652680 -2059034086 273081716 -132463697 -1427080240 1135076086 643912222 1202250200 1961927343 -1578611378 277591243 -1733397200 546265001 -1265471637 -1910213209 -55374771 1280954127 559123171 -1882834093 -300836820 2088270006 1857420662 1124609261 -792935840 2025891234 1456474269 1149499140 -1306096177 -360080072 -1059261267 383707863 180173173 1875466 1252287339 -793931711 1008381422 -1775646427 -572484565 582224356 -390133376 -1205016186 
-215494009 -1642617054 1055555889 205331561 -680091226 -682565994 -1760772999 942236529 -60924713 -297412741 798651089 1877507831 -484405890 -491989700 -1814394446 -1529650289 1378977251 -414812579 -335514779 1462566853 951021809 1649990799 -964916030 361346742 -1583821035 -707196974 -415243815 -1456960367 569258151 -2140531540 1651963616 -121806798 -38531212 -456171764 1477756936 -870029046 -1745182984 -1497785024 -1350226456 870951448 -869609126 -141474598 1329737105 -1302462171 259625227 -1277035007 1589173489 1893153705 15211169 1675112727 1293301575 292204446 715629250 663453744 1137289205 -815198896 -306063451 474422059 785474610 
1059543497 455203908 2023805183 509779710 818377137 1376358674 265946297 -188338328 -889984303 -910938467 831461003 314865884 -50440281 2031341175 -1781436354 809920865 1944243621 -654194956 267486862 -1774486968 1676362134 574217214 -44888072 -551294678 1113167614 1671407948 -102054362 1102624910 -392558736 1799641127 1868174376 1275218329 -1040041308 -1914061250 -1038706596 -1379636029 -479103377 348410842 -1402406697 195517234 247471605 431625667 1025430736 499623739 -354266951 -838814024 1977960986 -887100088 -1968332031 -1054815641 1814620787 -679012871 -589834855 1094186450 -2005182284 -781457697 -1001190852 -1986553171 -204908886 
1535799694 440883796 690006979 -1558343125 944892946 -1734942453 1805254874 -892653635 -2084673899 1841579982 545817861 -1294396233 1161156744 1463896912 -5289373 2053042354 -974514678 -1822558816 -806621201 -830257636 -1861482404 -2016501577 256166108 -1476418403 236447947 -1480011269 1150316451 -1553893194 558509900 -169963457 -1321851095 351476269 -820578030 176881128 -871405138 1386534553 1327371477 1639536453 -515321121 -1317733089 241353133 1328861218 1141640557 -2127483840 -1876111911 501373560 728185127 -1425366958 -221691736 -1380879319 1580749799 1774289545 -272864129 -1424380751 -1556596091 -2117781392 -1109537727 -1875636328 1579823516 
1005733002 1863608351 574351952 -1295158419 -805857574 1468531273 -319048586 939681440 -1317951815 -1415016133 -1196599870 398287157 -1143747283 553061298 213884216 -166966410 1585243660 1423327464 393131596 -859908880 1708312621 297803656 957084871 1522419058 691870529 1451355893 -1938880054 -448634711 1776747232 -1146368180 1336064178 1916355446 -1060449061 654891243 1057295601 1132386965 1785444032 1837619220 268872137 324890833 -1394850874 -512395732 1930190749 643945038 -2099956759 -696489238 150137657 2087829777 1586887617 -841506329 -1432215438 -655204103 -1587395744 1217172110 1133616204 -2102625438 -530814573 589710039 -1738704783 
-914667560 2093937759 -1764158626 1597326344 1838234247 1458597062 354818686 -751358135 931054101 -1187807837 -962146326 2123018747 -2114874643 1514712311 -956572958 -601873401 366019728 1611579493 -960831201 205826742 1535413551 225410330 -501058833 2111375041 1584083645 -1302511421 176067946 360273635 -60525059 1660779054 -2145100347 1872617679 -808122651 -884629510 1735711764 877286357 -560805917 -1495727953 303921467 1760773810 -1760564548 -1913518186 1479141786 -1839544398 1728452669 -102341305 1035696546 -2002613740 506682916 229416954 1083392195 1159956874 2047115101 83405910 874720019 393048006 -144482450 -861206314 1762458779 
