60 59 2 3
-2018270100 674609220 1545293317 899914723 1202038569 -867254264 2145507019 1785589210 1269254442 258678724 -2056070785 246315573 -1815713814 1410141744 -1477258722 21582840 1400307185 1210593407 198412196 -704491696 1490261551 838847986 -642104807 -451251347 -1361743127 -1387697097 1722744068 -537222671 1869723074 -583831904 -425528711 -1411299169 -930585118 -1477609358 1637236516 1373034970 -2086438793 -153886811 -562042908 1792490452 586958341 -1643675191 848272660 1097280411 -247975524 -1179438066 1488274192 62224244 -1136791584 -449470777 310145117 -119823589 -1147264043 -1059779717 1203284674 -1596657922 -548570187 -2097087172 1030861241 
429365046 100996807 -1490824733 94291782 -1800254697 -152782123 -178579383 -935510445 -823034004 1253679933 -998445648 1978270962 1549790863 -1649706087 1992791390 -1484731491 -781360255 328009349 -1488815373 1417385766 -799111876 565332193 515203057 811441188 91356328 792186522 1864878127 1711562958 -1389745544 -1462527938 373290427 801391328 879341585 758362150 739357143 1316308464 -1638972472 -543365559 23164212 690152058 -2139637663 465241188 977431252 160171375 -793601165 -1173056973 -934357540 -2021591970 1750877537 455049753 679792569 19807941 1214328173 9064692 -346761933 1566891480 -1796117570 55310083 65418254 
-2012681347 -994738373 -1430030418 77130035 763454384 1758798763 346460137 -930446178 -579529958 -978279973 72720192 -1166401372 -814599349 -1448755072 -1579610099 -1659413951 -262255635 908554398 917608706 1584850326 -630076068 204003461 -1909834809 -1365857037 1927743523 1551186680 -921641582 -1873493099 -1406165211 -673008468 -758161646 -1787823281 -386809975 830014480 -1996127162 473464118 -1816954031 -431084509 1640519567 1724813128 -1854503976 -526642847 -1340193047 -236598176 -941479081 -663494727 -96451517 829058279 597877190 -1450008352 -403275634 -206516527 917373323 -1507098450 -1304129724 -1235379570 -626778889 1674989432 -1174394609 
1678136530 -392738534 -1066066373 2133890637 2121587995 -2143601021 243287508 -866998834 491003519 -655368982 1879387632 -306052683 1522887781 1221030596 1545386646 1452077421 127938494 -932363602 92232700 -1046771503 705761047 1939530139 -2031230384 -1742178018 -1272456611 -1052061787 -1347091737 -363138861 -2019970297 -598646697 481106428 971464409 107276811 496236439 1518433087 -1933716704 1477151318 869776107 -1280819785 673735818 958312589 -1595232277 -1418474891 567184467 -904055116 966074302 971622038 432567723 -1152932637 695271048 -70961012 -1198748979 1960424600 715861351 -156568703 1667636605 328198981 1390500201 -155171443 
-1293449328 1994242728 -1179478794 -591255176 -988707755 963017182 -1734131807 2088389334 2135646029 -579986648 184690630 1413054554 1547837528 128286773 1018659870 -306433277 925087496 -981420870 -199185397 1390971539 -553477597 -549406800 -280246317 -1820260268 972256456 70095964 2130919014 621908819 651168888 -155736953 1040734823 -1818225277 1999869244 -1304106482 201340848 -604253507 -696687936 1949408945 936817584 -1336112253 -702002885 -940687505 2125145203 -719341644 1862676724 -445473804 1984384989 -1674268410 822036275 -1595848167 -1436759635 405896091 -948851656 -612841237 -408358950 -200119790 1772994669 1888346896 -291475973 
807115285 524460670 -180461304 119743545 585875859 334632853 582882805 2146688696 216988810 1178957692 1632219489 -967350712 1790930319 1809025484 21692825 -1037743795 998187225 1632505865 1258231157 152544976 -2100134182 -1813420518 2115886909 -131718281 -2125522273 691525831 656390761 1883534093 983974496 1856749763 731724598 -1688675261 -1237821498 -2043402349 128231604 -834718914 1644162358 849423338 1433761207 1224090161 -1029325888 840915702 684257807 -172522643 1152446495 -346314406 -272183338 -350183226 -1136710048 1181866327 -1605489956 1216851279 1567703253 172187579 1922072016 96056234 -1648606755 1540546249 1587586683 
-17948750 -1837969719 -925999721 1641785974 -368411364 -1948101466 -1941521043 1141442150 -1609224952 -1796901484 293243735 131646982 -1544151406 -1986790433 -1642575331 -193311152 -1773556106 -557106082 -285735297 760005118 1523507925 2118781044 1497652549 -507466992 232109599 2141145416 -1651208205 695616346 -1818747516 38886308 1528058408 -417170847 1221705389 -1286916395 1731503531 -1009095859 278256300 1642945243 -738391713 -754412644 2006241366 1095630149 1198762956 1821141508 -1828827820 -1656330367 1126355657 -2120402351 1935452960 839952674 942339992 626130433 -1567764069 -2022243744 -1850586345 -766414325 -296276491 737991024 2070360554 
-739390237 -1216694681 -1893600083 -943091054 1889094698 -1050282762 -1384963717 -738806007 1765159923 1282067867 -506103693 109721073 -5778782 1489062606 -290240238 1158754141 -1571653851 -222385838 1318163331 1382075988 1217228556 1715752125 -565222325 12155736 410735192 -1370714403 1774428252 2000614259 -833297685 -2031412313 1643514812 1845829216 -704712096 -805554603 865388360 1289857175 787832507 -330167089 -309102670 1386553203 225684104 -895594862 -1683091979 24062112 -1239731198 -1564607347 -1717971681 2069175153 1122986548 -1528038966 -1170517984 -1392416593 411219662 -563513019 1726714011 707582265 1287418203 -881761406 -524865554 
2089868601 1440254883 -66662411 -845238422 773349996 -1123924520 598648936 1879515639 -1230847390 -147029431 1841118139 -1065779215 -1401167252 -2052981898 -690469976 -116495127 -740835323 -1718208281 750433075 1659109191 -590745746 497831120 1067191758 241142553 832028820 1795952248 -1341250523 -22814253 237272415 335436755 -1137362754 -616956774 -564534641 -1721376546 285803839 -1752460570 1075577603 1944761864 -250930179 -1690337234 539590026 1735297348 -1986071474 840998508 -54632350 -650527296 540737912 378664413 715258899 1469052369 1119987104 -1743075421 2117686642 1713287239 -1766869587 -732058535 -880346782 724294921 -1655887751 
260119634 1998100760 1641908031 -54567058 1223463830 -236906310 -904613246 -1038329219 1030339708 122693638 1087599730 1303742448 -574400471 -1215704242 -1888661743 880893679 792692177 993194298 48354525 627584222 752305053 475216773 -1191085478 -1028550415 -1967505506 552573859 -938220980 -2124368868 -399929544 289975710 -1481574324 -691595122 -135847118 1220416142 -1812104237 -882352821 1352178890 -800813671 -285034517 474651401 436556971 1339561648 -1221926829 473334201 -1387285955 998410908 1352642278 164655257 -295711203 2092572717 356958446 -1020651828 804683175 -1160518550 2144977524 921597825 -173136400 -594764230 -1822184859 
1594938146 166912069 1501882328 -841735073 1517152784 1394750331 1069582979 1159783224 433536431 1308353035 -2039407212 664575266 -1154257148 90450187 -424891904 264112235 -623646722 131170272 1875812021 -108189923 -895302426 1353543410 1684716171 656310511 -1171816662 -641304151 -1603534099 -699376819 66446604 1512739368 2008714298 -1456292500 -1198532095 1013130765 -1292401349 -1078562998 1658353388 2146961119 2123430993 -506316890 -792592386 1062419370 1122339049 633771226 -649549417 207277226 -1379701710 -1003220259 1811344567 1340138584 2113207135 -2140267319 -1874584932 -1898217198 1387255268 829292365 -1112289897 520919186 -451137788 
86655192 693552541 429524276 -1906838594 202792465 1267010983 -987405199 230982789 1874648115 1668174435 -1688312364 -875593829 860973455 -1367706562 247022411 626490162 1946212831 -476946449 -1005434533 387412427 1474944504 2060850806 -1887422688 1461998061 1629876747 -1319997343 -1141313782 257130494 -1376438031 1777931728 132075671 -1808106590 664950502 851553032 530780167 199699107 -108883501 2038502349 -165801259 1997567243 -1041611800 1312607926 -2070012982 1478828534 1216217285 -78504071 555178256 182147325 -1047782143 -2065036129 -1902601215 -734654590 1305419356 763839409 -905994338 -413148625 1480242898 -857096975 -1836815165 
1635649516 -1690587403 65988483 732048090 -511380880 -362204771 1464912251 770984569 -1765227815 -229902721 -1698258131 -1722364130 -195779387 -22317607 -414415508 -1544850421 -18007569 1615247290 -2038286147 1006561019 1230069406 283649045 835146005 -1021631886 1731979719 1055577353 -2001451119 -1025175659 -65295415 -59926228 1216152574 -553591380 757116075 -1048962557 171246246 1070030393 -253951098 2058641 -946599789 250570089 -1508929744 -1947348544 -1644140873 -1519274953 -617910243 2079046455 -1469610347 -2027128073 -685560375 1728165024 -1701705769 -1253999976 -222224459 -355146027 -1498172346 -857682025 71135786 -1928068485 1186892211 
-229576025 1199473492 600091374 -2134480127 278127252 -236822607 686614064 -1677534145 983118674 414962584 1175906013 214681675 -1610118361 -1879371362 -288180050 1353153658 -1954260857 -1962424747 -1795862303 1225588710 194602890 -324474924 1907702920 -2055228604 32182369 -1189603978 414013420 -1569321694 573736045 1020778844 978297447 -1878643348 355903259 -1484282222 1592292754 565832348 -116879622 -1939653615 -1786844682 63188939 -1517777914 1545630379 -1995702045 1427261218 1025387698 176973581 -882781157 737554481 965989594 463780416 -1371313489 -1418622464 748559179 1547117351 -1585434108 592552861 1284754462 1476505565 2049106530 
-1150075922 888100119 1289728969 -841200431 -586894213 -1653026220 -1093008069 -464918036 862675192 2091155063 1384113676 -2084816786 1785998826 228282943 -591121163 -1966189316 -1611161487 -315397140 2019291093 -1784874699 -695378758 1148378408 1391505164 -873173701 -1353557963 -219099507 -1529813759 -157060005 1657318223 -1642247511 1917937696 1946730863 103552233 -344380779 -1793856978 -343918238 259471305 728220433 1865315033 -652919605 -1095604368 -1615571454 1902001083 264997876 1009112973 -2108187713 1085433494 -1311669664 -1396074217 -623302371 -1863425269 2099693698 784621553 503638489 919289177 -1181032670 589038127 -1010624871 -896631849 
-1371100997 -30510770 1180224408 569956722 -373230743 -1373553830 1972794356 -1289240998 -252487518 -645895721 371958358 1853602309 -119837348 1211946292 2031507513 1249766103 -189687563 1014364122 -1500919332 1713018838 -1805933886 -1007863137 1499023735 -883093116 -2054976629 853331987 136162410 1426184425 -324619242 -1912240302 -609385753 872418627 1832446430 -1837645317 -1902982520 -1645424946 -85969754 1490090987 -1942622789 1930255310 -621044864 1186363420 -378234075 1242404787 -1086281623 -1312844011 759913717 -1150849436 2036316535 595538743 983098551 -432822309 -1457325378 -723532230 -2103470510 1597235288 -862155529 1626916126 143334606 
1393385017 2071727302 -1058352502 254077670 -359769614 1198534760 1622497593 -852109665 912615254 16150706 -1654218703 -1030858044 -625640576 1194157545 917592666 -270504886 -1363570685 -253905205 -792647931 -1628897733 1890061378 936796242 1687893990 549830272 1407524802 -947025987 -1369464421 489606893 947972748 1560934039 -1018332774 123330149 -428465158 220239795 1744827584 201271996 -604603663 1893123893 -1957140602 -1138720704 -1715225578 1742269062 -1554255931 -2065820232 637218672 290873028 586114121 1868507837 497908669 752426777 2111184241 -1482223411 1455308334 -1505218223 931757485 -841951936 -1418075466 647512302 1953064693 
1051283154 2050399319 705999888 821537289 1536097081 141823386 205937733 1340273949 1961791070 929168402 1308958945 -1732235513 -1552665931 -1886199380 -1833194389 -1078105608 -1245631550 502478381 -1405778417 1102736880 100574738 -153214566 -2052058141 -29911479 1671064402 -1696452751 -2049359008 -548706775 1123262913 658199468 -1585994729 1266330226 -720004224 -649917963 -1733390116 -1967152148 -787421029 -1795977359 357426377 820070935 760049271 1370016003 1850815167 -1791122206 -1849815314 -1652662574 420351542 -126401221 1142486688 707948789 1214706975 1506187216 -1279401546 -534809474 1110425703 981255032 -2105484335 -369336093 -566466362 
572545356 -790595076 -1023726268 -7438182 445726624 -1490282455 857642071 720765549 447957851 15171814 1839668346 -1923599070 1335077309 1918088008 1669584651 1616747814 1592821188 340502798 -1429050611 -1838575361 -1343884437 441285828 -95765772 1041378072 -817013287 -563747377 -28807898 1320906782 632839224 -1821607726 -1697520375 -1173902419 1656772598 -1809090838 -1666772980 229879508 -672398305 -1055724029 1378897766 -786943378 -492166797 -574975309 207884188 -2059935705 -1328752299 -103919061 661463251 243009087 834411411 -2107225442 116410464 1413728146 1257002694 2003619955 1262323462 967771952 -42302384 1797997474 -421544134 
-1990967247 85692526 1602836891 1614334205 327541069 98928624 -185422159 -452833573 -738459258 925012668 1369061311 1663682340 -1307959822 864648571 993642396 -1197410161 1760277771 -1051861107 538607297 161730982 948322830 1272533704 -1668598283 -1417362973 1114527404 478229145 437818055 234539147 1625413997 -302019097 2051820638 -1859004506 199049566 721792362 1636686715 -2147230442 1412439767 -1520154711 -1256183140 1366614655 865131514 370429510 1321065810 1103778790 -742201225 -2099223069 2083773258 -1873269405 1732696541 1458305435 -1684239376 10626122 1319659348 -2030734202 461773491 946037927 180917898 1639878630 1979793290 
-1920381119 1336868452 691016380 2086291428 1017399834 1818068861 -1388968238 -376869801 -390089906 985959173 -596085151 2072510990 1881864819 1884317787 185659415 18705812 1956034999 1036639078 -2098882271 1512196504 -375642541 1518620574 1043443571 58097906 -16337690 1046811857 -792198244 335587620 -1239332596 1870039579 -565402137 746341439 -664147329 1254801043 -1089690857 1424220988 -806610375 658602785 1218812243 -927558261 1874562679 -1663828963 1400392969 1028283999 -566193671 -1881034094 732104964 -1626692988 628867551 2124475555 -2020331005 2116599347 -142253547 -1332738753 2025744922 -623567622 1920171806 -2050571763 1874586405 
-315043267 -2053843934 544710225 -1746901880 1116397511 -733193522 177034020 -663228121 -532444092 -2100280915 1179036472 -1056914497 520933983 -688438116 1716262129 1671879713 -785317722 1077907900 1818472778 -1106664222 1364364754 -1136527628 -1335242927 -1188858067 1624862020 -1770550843 -1082633193 -1474041075 -887867346 -1365358984 1499683011 -96827956 573562818 24206585 -1341355510 1198623486 1819428816 -1551729827 2146339520 572124299 -146105254 -542771647 2010096978 -350465449 -621977219 -1908092903 -692875434 996845970 207174897 434555798 -1506731189 1352774926 1630427961 617526855 -640156056 931216317 2098874829 101637300 -1987224432 
-1848025895 1343963148 -1893975936 -1807661871 372533935 502934347 151509430 424333184 -1863008483 174073477 -1619609375 -1458172671 -1986778275 -844520723 -1748125528 800228020 -2082879913 384857277 318226411 -6290584 892844387 -546940479 849082363 2140793401 607419582 -1593363674 316045215 -49906746 1939909015 -1517020550 -523736137 -1675932429 1119009154 1794879920 2027147916 1536687231 303337934 809731288 250275 952671058 2106926244 -1636597756 57854819 -1818910115 -764031599 1360628005 -1413783717 1969033556 300354084 1219769034 544379109 340400383 1044566500 -1868410113 875508857 51549418 1234310516 -1020809384 735623965 
1464722751 996941469 845868510 -511241404 1892650459 -1965312489 -352386526 349813289 174028125 -1277794337 724365079 -1494658603 1178869980 -1130406126 310759614 -801234987 735330903 -1195230138 -1709326638 1988456212 2018471821 81068838 1337829712 -1776102066 243333170 -1278488446 872277026 -537940199 -1138748923 2106362415 -533516739 1876456702 -1157882830 988527582 -1427369621 1788499816 -795148818 -1264121864 1359563987 923774661 -1803404201 -987719117 560175782 1804641465 572978190 -1830599182 1632551709 102604913 1776609427 796933403 -1885886258 -1015613517 771562716 1044928858 1887039068 -261567026 1270036024 -2010169860 -781853597 
-1456623016 -369748770 -49590818 1344783760 1744352907 1581677632 -1092295728 962917436 -1744963522 1478775723 870455163 -718801159 -143724676 -266722579 -2023993406 -1914095801 1808468140 341305224 -1947392021 1394482004 378423174 1347159 -994747556 1239725559 245467103 482615990 -90030955 464541876 1993558710 -1590741355 -1873735568 -1079770208 -1748017753 -1269464548 -769055334 1216199810 -1686842968 -1815949552 -1332239709 1111107842 -1492128835 1681215734 1084240311 154636787 1765019543 1276568769 1804393476 61863554 -156880710 -229209199 -749704138 1165065338 -120069486 -211334941 -691899071 -562341796 -586413855 -1283540459 -510116763 
-578343580 1559324132 -646319777 -1589038439 1110974053 -1260088794 -1116250963 -1889908012 1008468296 -510934092 -332456157 1903370622 -1088899475 -15229630 1562361804 -105001050 -119136864 1505250480 -2034906909 22706851 -915179375 695107166 -2065133787 -609827904 646580959 1384147976 1460896902 1012793513 -216014961 -447389636 405420668 -1279999204 1282251593 1578407539 -756524343 -898306732 869918265 -2006079377 -1135213449 -193658831 -478749391 -1218286246 319748030 1409204644 841422770 -969197205 699007657 1804310368 1351467071 -1302449697 -344503719 585913732 2112841515 -1002568786 -1655819956 -565384136 -1422135078 -984021617 394389972 
-1113980795 1609831957 -1937912946 1796550878 -1629910976 -846877035 1534784009 -1526508396 1717265608 282682228 643354655 -577813141 1874614821 -1320934133 -43099098 -1484778228 -376889861 -495771609 -809875273 -2037832286 1306063418 -1516247489 -1794841242 2091869107 1545472088 -189600142 1301519558 -501886844 -1840345113 -901362625 437738760 1544875996 -229979916 1461035664 -822575676 -565479856 -1691925643 -484427690 219584022 539952851 -1049450862 -1661665557 43521037 1179247638 401120086 2132010207 -917245470 -251667053 880554065 1319044764 -399768871 1402340722 1049306989 605345692 -417844555 501469489 1584079083 -1071294836 494623540 
-2116728238 -134795141 972102792 979009408 2120453004 -1829718351 1938174729 8911671 1636809911 1097407791 -329086042 1410968593 1630886965 819109072 904383624 -787948885 -268066253 875220885 -578418485 317977651 -234024072 -314254059 -705809261 155612674 1570345540 430233707 2000631120 -128250250 -164450570 -25086762 407813289 831279473 -1142389569 938247731 1078979555 1618381661 1529190875 1539844826 -1802819745 1977053246 318269495 949375096 -649487151 1501046084 -815318006 1313214954 -1730198961 -1786911513 -1880257784 -1187083226 -439375729 462851589 1123277291 1353583316 122992951 896572285 -940851864 -329472657 77688136 
1606998790 699127190 -1318801632 863525389 1271152568 1613378444 -1734726449 474883794 -1089769630 1762893560 1070680976 1146390294 -2139496694 688066537 977494734 1859677246 -575742213 -151366755 -1046656006 -149359926 301516372 910043375 1018954966 1725924760 1972351023 -770238262 -565514647 36866051 1951143899 1648119222 1121701321 1221519427 -991509842 -1278712498 -734674796 686742623 1621109146 -996534372 -1420718960 1261474462 -1584685232 -1142506140 127895981 -1585437875 -1583973722 121261404 1218244300 235909974 -962335692 -577415271 -1110834185 1882993165 -1259082680 1860565499 -2130667645 1568260659 1955752029 287391682 306431548 
2018313233 -1383669166 775204106 -1141077551 -814609017 -1875713504 -683583566 1410062230 1915454811 -902003305 -1089285684 -2070491132 1524355662 -542410903 -599414100 257286671 1650426809 502778625 1264127515 2095135573 -9545927 -1934913405 -615538788 -909795807 -1441347772 -1731304439 -1748500277 896915720 657783957 2090673328 -940969897 -467593071 -824933900 -1666331608 68464966 -1251325928 150248298 -2106489911 640447230 23981185 531398823 1079698408 -628406044 302111861 1831295767 1375773609 -1707350864 -2088731874 735558072 1414689472 -462707496 965722145 -348816646 307414228 892944032 732098240 -19210718 -248009776 632309673 
435497753 -1447219627 -1319817536 -1588038695 -1744623683 -655956748 437183294 1955349543 1410223421 974454296 -622373928 -1017320799 224627497 1020693697 1725279916 -146905216 346233995 -1357642457 1856534823 184359599 -631153123 -1589888392 -1558806178 411376721 -949070499 2057748462 -266122262 1222005854 775758332 -78121452 2016896522 1944740924 -1669625147 1804694935 -971717945 713572608 344055553 706590635 -1422591779 -1789363240 1649327030 -972140503 493804573 1299547110 824967212 -2135337887 -1811604056 691582367 -326857142 888412122 -715358023 327909866 1747407550 42680850 -1834412945 706916403 1443608117 1865951491 2000191927 
1891272584 554751529 1333332042 1339591654 181007924 1900304183 -1173936292 1086504980 1161053617 -1256728272 -1687190923 2072093805 -1470077663 108268136 2140667956 -1153294750 -1109365414 -90391831 851751600 1089610674 -1733237651 267144938 103570834 935890612 88591020 1993875411 118793592 -1615053383 -162912733 -1595752861 -2034141134 1019117402 -1206092294 708595070 613089694 166586318 619923004 1924563760 2024495286 -1659600335 -35585456 -921543343 1199384828 462716458 636802740 -489701409 1162720042 2113939494 488110873 -1257123040 -19031084 985396593 1260010738 811222855 615940187 -1443797614 252131795 1143990068 -719760703 
807010329 1467080742 -1293117488 999858970 -506758305 -286430459 -885002654 2125116449 1754544003 -1518325144 -790638190 1359173627 -956839368 -91629985 -1004177306 -1270531895 1370819002 -1855125279 1621798863 2146036223 -1451984109 -1600731585 -553193845 -2130114198 4072475 -1530683338 355093280 820501052 646438806 966014481 -959807632 -526030634 -268224019 596627511 -358908026 455484886 1899135034 835502031 -1753899502 -1532005301 51161250 1930809561 1553394530 2053126261 761810611 -1394809814 1029944895 -849621627 -535878938 1135024403 1873984551 -492987210 957903373 -1626753420 -573513940 -849373020 -1185479149 464148461 -1196120569 
-1483219030 -1230039632 1378087570 -1475042703 334372028 -1108383172 -1934102751 -1676949331 -46069581 -539287553 398666553 -494103068 -1694642160 827557742 1299989358 2088083870 -551044891 -2112955736 -973881942 307077811 -1216740154 -1488158850 -1156281103 -819958346 -191012065 1377113723 -1825384654 920084292 883973634 -1870399158 1978028705 132136187 -1091638208 1370181205 451344303 -1628211583 1050583256 -1102333873 209562291 666945077 1750202289 -417101206 -181306604 381055544 192771888 1455729421 540559811 1873085809 -632216205 -1373611554 385944800 1547898826 -1209237630 1427469966 1006259972 1830956243 -1685144960 743288536 2056405292 
-1070414791 -1210938324 1104695503 -1391764066 37950590 -840165782 -1371973126 1999091481 340554329 1119928790 2062940097 -540151911 -962675752 -503323410 -878920475 923772209 -754088719 -1285827503 1598955258 180680738 277091786 1149039649 -438311605 710428153 -1183905291 -1052325530 1464315231 -1606284067 -637512752 -741732734 795722744 384779622 289765487 944298259 -1045734708 207397881 2046567996 417211436 1332688150 1937883700 1681159769 343403483 -1796613599 -525084527 -981152181 -1298248396 1088261497 -772098748 -1974054385 1363223877 -312646344 1576681435 1514241998 -1655797804 -2000833208 1976974305 69984159 -2013839770 779041957 
29616133 1123073789 -1436529707 -1853410112 -1861707450 1452459140 -2068488768 -761139057 -2025616224 -315444523 -1649674604 763818271 838550183 1833819912 1278577147 377161369 459977913 2101489662 457855657 2077245415 1790120656 434547790 334820171 -226081378 -693217686 -609278768 328393546 -1685786820 226201765 1747823159 -77133323 -1643543462 865497457 434861975 302912938 435142525 210173153 874741896 1431644287 42982416 -341814215 -666484707 528453857 -955621143 -2082056143 -2123850375 -109296454 840684500 -1439788640 -896320142 -1553212242 1765833423 1434020634 -249708392 -835547541 -50451184 -619588286 -1905605457 -1171196942 
304505384 1629464575 -323273670 353246207 -1090325179 1974488700 2022850142 1274151444 -1287177260 1279557596 -958806499 -974496505 -1158649696 1857613947 1958533884 -1180111049 364492885 -1527276144 -1192362771 -735490483 -21290181 857148624 744051182 -434010166 2132458329 -755301630 1439202128 977954432 -545763801 1019704679 1859493408 -1365492310 700124331 1068076256 1227729243 -2121306100 -523263127 1343040226 1728688612 -1853920941 -1035004407 160344585 -990361649 1755426800 -606995639 1215732328 473700832 329942492 -292050592 -1009546661 1657768812 1367048384 -1515673348 1704558709 881301134 676607560 197767611 773683913 1210252366 
940534995 -869978868 -1350341868 -366089555 314200791 -365874350 -805773553 -624614726 -571862422 -504069040 1063470696 -1647895707 -2073855713 1077077085 -1836587596 1320182975 -222897713 -19877372 -144688710 -2125459650 1981851955 -2019618078 -1642942295 -181655214 -2125678706 1946633366 1531310603 567541196 -1877594198 -1146373845 1324277391 2008327874 -712321795 2009135038 1168552433 -1367470436 -1966196236 -1006792709 -949247475 -1566068301 -628306754 -1102843482 1341178016 2026888223 1726031411 1643840183 1209578601 -239587954 -859584127 -1930522770 763199214 1449928217 -546783578 1848809386 2109757952 -114522459 1502711667 -1890719846 -2030302922 
1877307101 -1744273521 1040132002 -1731640135 673093385 756866830 902885798 737263468 736248775 -658172164 153111442 -710551778 162818925 -1230633167 -879120762 191749013 271044022 -1931020423 -1680329572 321960439 -718696122 -1520924496 -1533983282 -1053157947 -725765415 544603078 -1965939855 1075645248 -750894493 861973584 1559436002 1035720207 140800810 1817350070 -1440301756 -1765797902 -112308177 -1652757196 -321246525 1453934662 -191464367 -1171732356 1907878481 82699932 -1630336642 293194805 -1536155627 -1390758922 2138881548 1589237073 -1083381697 -2124855718 797932777 1348099231 -653253381 2142414775 1836626397 1138058038 1499265400 
1213091520 1147778341 1350757244 951138026 1826061407 510335325 1166876336 2029638980 -913680182 -2003553234 2041347042 -1621417556 389699608 248464678 -9621127 -1551796624 -544030426 1472625540 -1234159504 -1111074103 1130428308 -652072504 -1424890276 -715000332 975867246 -330691078 -428208923 -157543544 879521469 -498633914 122858437 1871015421 1881687772 -2120425519 -672626430 -9244641 1760005453 100884684 -1703838902 1267085446 -397688499 -1444907288 -788681179 471545735 -962073493 -836979306 659840622 -1527075408 -855395055 -898396416 1743085921 1041746452 2002080958 1917009565 -1269267696 1672863583 1020856431 1983519235 837551781 
-1975790190 -1568086803 1422635756 -242968697 1883598356 -1961896813 1060914042 306432102 -304228378 1238995784 611613682 2134459066 -1564373559 -1246132935 -246319685 423379489 1715253585 1539815863 -528285588 -1756340295 -1746054218 -138605133 2113947111 -1963615706 -1390991401 1191210289 -1459042511 688902396 1958608486 -1767239894 -531593892 2140886902 444442775 1216761451 1286917503 -2129968116 1579554558 -753466749 -384175469 1070221087 93775370 1359976005 1940001162 1486731721 -19975404 -1550812303 -316285207 911336859 488925023 -7789065 -1955034376 47172543 -897835154 1755945479 237519087 -936633573 -2119406108 1410660296 152581880 
-178949416 -1559781628 2118217463 -1751880374 -802310127 -1228353407 -1832635256 1153423933 -1675270505 -1305794426 1757222176 -1004723604 -1313433749 226798414 -1887573344 -2102141080 -456345202 1944259712 131084083 -920944050 1708796774 -445853817 -1445035024 -1319879439 -911204768 1494012375 -691893777 -982018171 1812973614 -1062944221 -1042231182 1321075871 2137413274 867704657 -958185237 775613456 1744219830 -470048294 -1849250647 -1572982189 543683743 231887353 1343739188 746691714 99180826 -2047992727 -436781657 736431117 1793003437 -1778117540 709740825 1343031041 -2068278208 -2136923261 1136590826 -808777603 -603133389 1644949794 -1173308734 
1954842236 11100441 2040617102 -155267509 1257555109 -2011984931 160516638 -591240003 1054578466 -395598035 303938232 380149477 284169035 1035045175 1912737561 -113504644 1976052537 -2009907537 -617351461 -1763640860 -1321892817 -740656198 -1432934228 -1970632576 880973819 1504975305 -191218243 16584683 -338109982 -904802873 368374108 -969041945 206762736 468334082 -287916063 -7732846 1215108104 1201354034 2089740103 354972490 1463218807 131750986 1019876735 -1306406703 731925109 926828414 1224307483 1189512133 1128560885 1169233319 -2019625001 876236428 1440273767 -901102799 1870282617 33690148 559672272 65812870 482807058 
1401815170 -1866961043 -676477555 -974692901 2098559998 -1282575752 -1767488102 -1302469066 618424414 493770279 1189611386 18101978 1193043944 -808699491 -1508745000 -661690741 -1574063092 343607827 285761687 192762744 -2061631583 -1062824806 158978225 -628985594 -251517476 -1547021695 -1053617053 -1687214793 1545335532 685128276 -1251905641 1564972301 -1161818373 -1651554465 2035840670 -2037518746 1512176097 2116633619 1728228025 1391674795 1690118940 -1321359448 58212685 177285602 -742861556 -333295030 2101195882 -1381708318 1888297383 834975865 -1558679933 133566106 215306173 1617954560 -108896586 757548044 -828146335 -1324649492 -1866841084 
-271217029 -319107798 1728037208 -1709046523 -1124801336 -1042073704 -1177912608 -1465260252 -212230437 -1091553503 -1741778281 -1352797320 277395946 1718915153 859958996 -1374771583 -800974009 -131577475 294979622 -1730640029 -1627350547 1882976005 851616849 -1342747432 693741395 -1506574348 -1539392077 -501531296 -2017415359 283866859 765081797 950098599 -64874942 -988914887 305031939 -2063126082 2062087042 322090771 1534881170 -387310688 537597560 1830217738 126274335 1623095659 985308991 -715199933 1484927154 -368049970 -272444221 461177855 -1012111388 -1251817840 1371207946 1366419790 -1870747812 -1222650141 666597360 41866451 -634300790 
441175835 -1255861984 -1430011917 991056244 318853627 1424447895 868328878 -1371060761 1746105051 1932050163 1777252179 -1011887168 -2010487247 802659470 -1119785696 1532546119 -184135206 1501671978 383755324 712132914 1798214383 -1767835520 -436807799 492590805 -956005040 1462934662 -1820145721 -1362494277 26024689 -770216160 732220031 1891487278 1782099550 1564553053 1356059830 -1017645990 1733254247 -872408935 1188746074 -387734037 623231745 -1350006200 -603319090 1811483476 -914005707 -1250257794 47122783 -758186895 1767962290 333059148 -1324129470 1917816406 1284686978 -2143977702 312515244 -1943832189 2043863771 585293597 -661832025 
-2043439571 -57572998 -1245113534 1581527281 882076073 -1068845400 1054310723 43312922 -336300469 1571336055 78002076 -378482574 -155368963 -1605108403 -1266903893 -1641498857 1862181446 -389592385 448542047 1476850440 -698676369 1062629658 -820361107 -533996013 1186657967 1293652701 585268578 -17964080 1565590769 568995919 1488044206 -1943453853 -319986309 -1985484868 230140385 1337946226 1518967624 -1728373927 988026311 202277396 456578810 -1688011102 1910873169 1174164027 1646285333 1011495014 1549342048 -2069950178 -368236972 149053261 1110041138 -1525916700 -1166149741 -519704663 1751051819 -170409379 -1433618956 1653760129 -1764534391 
-820331091 -1015669975 739883056 -1355870134 -755596152 957701522 -528736354 693894982 382968689 -1017121736 1987260433 862545357 1980781925 1355990102 -1042406121 943156068 1569880687 -819819322 -199266178 -1446607070 -1258932684 1754771835 -2109238663 -512939632 -1971523761 -369474099 -1470238374 -1122726546 1509030195 -1418820853 346560722 -244514238 1216860076 -691289847 408840091 -2071106432 1019372268 -436947608 1343022701 -1293378033 -130431669 -114221502 -1520278362 -1348755855 77291975 -1268715441 1367483659 -1138960953 -1509484254 -325151693 1039311337 -2125267916 1658481380 1291420455 519701576 -1555874390 1225807973 -900541965 -436387142 
865679263 -1048185173 -655519154 1197134517 -1791794669 -1759046122 1603357410 1495185471 1282875496 -1883981465 -1388984390 -1336219214 -1252298184 241636149 1867628857 -2025813048 564879205 -1796183592 227425463 -921647910 2038838791 1663986521 2010209644 649753421 584885398 585628537 1650193501 1178764282 -1909164130 104790592 -740665070 -1690169526 328009252 -713737103 -1063711578 -752500224 -833458875 -511827574 686709464 1815907862 274160503 2055352504 -713527699 -846500895 -1500108657 -1532563794 1098727232 1158515124 -1741378961 -1079126479 462980367 -271570987 1067601407 -1469562076 -1874937663 906635857 -1707919138 -144908900 1076749626 
-1829705881 -562979231 -1467356319 1765854889 -1492550379 -1431234277 -2099164166 1966667408 14506579 2117230122 600671338 -459023044 -1065842636 -767104997 -1476009166 -804454474 64199339 1627156682 688015981 223081845 -1137893354 1584419548 1646198640 -1195998391 225559724 1463179148 -556798668 1868013422 -2056590507 -814580520 1671051197 -1142473391 589072115 -653142123 -1606474891 -1725796751 -862535058 510448900 1721739983 2023560233 1930842576 -340030152 -1139956030 1757108872 -603077014 85205156 -1834358548 1242460605 1137093788 2044489171 1695454555 1062347514 1661572389 1385963684 410446304 -452814540 -241131708 -1421294242 749109603 
701378844 -2055352907 -123704992 -1884403172 -1336100792 -1457207044 530410267 -1325899113 -1888157200 710470480 -607619825 302858072 -2024164175 1632664525 -84844404 1245040131 -1064526530 113248609 -2047113629 2000378340 1282178292 -52991242 -1408438204 -357480618 1869313541 -1007757195 -1761105172 213834630 -1401511809 577416445 435262858 -1592958983 50059369 -108337842 1012727485 -1688326481 1079305753 -1715709713 -534576620 2146703607 273986140 1511453631 -69930866 1952896099 1876823910 -24805270 -1728324106 -623332903 -992831569 102102880 1688073320 971348330 799706358 -703110678 1503841910 -1378252455 -1702413273 -609647558 2122165028 
-1842213091 -277166321 860345571 -734483161 -1609166261 225604606 -1666944949 773023852 2031544994 1434787639 1666775101 1748725419 -585867919 -1281997260 1495219494 1402862781 1941507501 1137672388 -1335958233 -1702150032 1055132921 1274800771 -768746988 -2032946818 -1109761326 1275409156 895151931 -1044937567 -1762017001 268736167 488432440 1642882968 1771650164 -1656919877 -11017108 -1384812600 -192283357 -1260196192 -972625574 1253565152 1915167446 -643994115 687976618 102595844 -922852718 1624913805 -667043030 -392375128 -616120356 432406633 2115397688 -243197694 -955275206 -1553217934 1192230395 -1732124566 881169536 -57099385 233047690 
-1137512919 1000202359 -55817572 973000083 1874283269 1527082685 -664143698 -1080698370 566390268 -1140116648 -86767930 1226267193 -398259792 268344840 -1605190282 999602818 857293341 -1944363939 1224087718 76212787 -1934193798 -1114498575 351392489 442805630 -1064018619 1062215520 -908968764 1340956984 147712176 1366261178 -1172526778 -1105262147 1529120502 1959500389 -1148478854 -663249659 1885924141 673413669 -1148057863 -856017118 -362439803 -1959626576 570591164 -870488255 1036042024 278662043 -1346974829 1611771601 181397478 420887964 -1894033714 689264179 1560299943 1067984868 1387844439 1999879934 -440608950 -1079530042 -1464599661 
656189927 127160278 -182264559 614325091 659710854 2109012065 -1754919140 -111319554 2232213 -1625730028 -873494629 -1022515081 1049894801 1180510456 1945214597 845396081 1507350551 1702292665 -818055311 -736893228 -176140623 -1839435852 1725551109 1848369684 -102408775 -728543522 1164310561 -614758448 1764287234 2139012392 657683207 262610909 2136618272 369790706 -315962484 372109404 823493427 -695164175 -571486705 1493796401 103250613 -1582364401 1365277836 -1098744657 -1128996817 685819627 1764246408 -1855469796 230644981 1638034532 -1720136783 994779163 1127651183 1910785652 2130980993 986787058 1550123383 -1979129489 -1756481959 
-1995945971 -934712302 -1785092859 1953254536 -293480224 -2031117341 813831492 1717169312 538850419 1627273537 -1701967756 -648642446 -1527092925 -1824532530 501939866 115851668 1043772236 -77839072 158589765 669898361 1174465725 901515416 334981518 -870219365 2115495561 1227664723 441981 -184103682 -1413455524 956106317 -670058899 -587947089 -1185081484 -723475185 -2130794608 -1245959999 -55429780 223880362 -1554534202 -115769724 -1469363707 -1265642195 -734179815 -181340834 -517706435 322639808 -69166735 1128778648 1650236422 -1382298126 -696555466 -584738575 966334135 -519294155 770938935 -451485474 -1827123718 1235023371 -1017800824 
-619222131 -1543958855 -1739391838 264631469 -314776190 -189179709 -2061582855 -1896338686 1476212483 1593814714 2064033561 809494121 186549917 1013874009 1463887716 -236959366 1955496152 -2146220348 1558792823 -395439823 719953686 -502865514 -1275365364 1497352843 -1057291184 -567157734 944461308 -947343772 836966965 1797932737 -924300023 867269079 505088023 -1540238743 -362870542 -1779946819 -1473010971 -287227772 1495025489 1174862893 -1128962425 16311908 1262058164 2027781201 990467268 482792854 -955144855 -1352387999 -1331354487 1892227983 -1554133281 -1771345202 -1464077758 -2133680500 1059561795 -1319031264 287860662 -254708573 787040982 
1194534283 2048870459 -316129288 -1397833254 1366424624 -2123084610 1422721023 -1951211215 -2039121009 1977402538 -1307579071 -662634567 -1313233147 -1144944891 500460022 -481207256 784091908 697827343 1689612867 1528106306 -1247573699 -2052472310 1354058787 569595928 -1849592347 58023078 380607521 -218962870 1845564526 1935780098 -565206765 -945978839 -2084029733 789901928 -94203726 1290130943 1151755621 -1966500669 874918031 292236216 47112443 1654019638 2138693615 -164589061 866434560 1939882490 -1137051685 1603139680 356069222 142948012 -1156451796 -203020430 1826150510 2106698517 -1647475186 1021029743 -1228414848 682652167 1709996004 
-917771677 816208499 93612291 2146307797 -1542067354 226021980 2122379618 -1000854441 -2001615225 -158308322 -154946403 1178514797 115802028 -1921319835 -66210943 208532976 -1236160966 -2137355842 -462645171 1883587177 104989197 -1515137220 1821879673 -1665896865 -1303756163 1108554845 -1666213259 -511241053 639293837 943302119 -1795265619 476744829 -674470462 144240650 2006324818 924300892 193799025 -1406606572 -765997451 -554628249 1407446715 -561502161 -1888696476 -1574724187 151501121 -953281797 -770156876 1259497052 1757553388 1942666294 -937265535 2064613301 -1143161794 1372854767 -247632032 1977328467 -1559634868 393335422 -610624380 
-710166477 -970172848 -1714084233 -574396507 -677752431 -1239785495 158227509 -2069931203 1063108817 -1061820461 58371441 -342059689 1028427542 1251875726 -208541794 1024033345 -1356660880 -545131616 -1049326375 -795913052 -33790150 1887712296 551086525 732762374 -149349644 -1154794559 1247546195 2138381536 -552171312 90865591 2082256796 -1658541522 -997343225 -547338181 295841757 682120622 -352725576 111951885 251064669 -224958474 -1901937084 -267165220 -1088288578 1728895594 -9970955 -1371297180 -803493438 170162826 -404985831 1850820290 1192583738 -452554523 -36729911 2044581082 -10515439 1790648197 -1649824219 -873171756 -2021560331 
1334815050 228580299 1781649124 680497057 1752176493 1011776813 -712428469 1538302856 -810938650 -1039217963 -461976552 -1036642047 -1596395435 1871270171 -1891504850 -26400478 -640439047 -747834380 1150034879 883875053 -207700130 -1166495275 -36100930 336357368 -428196280 -2135096230 1357131637 547233115 -1985821762 7533356 -897485722 934666282 -711297757 -184201134 -2123551092 1497230448 -77420031 -328731368 1927164957 -498585445 -1680293468 -542670628 63125046 1318382671 1526250370 1941373562 1134062629 -947699761 848321642 -1067460 398327068 1896313835 -739571810 560522735 -1710715501 -429614139 -1574109771 63486045 2084005310 
