60 59 48 46
-1377654890 -419621347 -1539575466 -1066489543 -1801121450 480785160 -1960930771 -1067166800 -540866810 -1171758342 -484631165 -804433592 -1247420675 122909159 -1901849814 -845639530 1921821596 -283032372 569108234 -772746032 738502638 -1847882576 -1611581439 -497539667 79184672 438289917 -468985057 406989466 1365865630 1387800707 -928878097 1177680703 1566163412 1450839169 -1072931445 -878918818 1341558375 478162955 289451938 48181484 2092724607 -1733087152 906982274 13604818 -1537175026 1222927659 1326110633 611235833 -1774134564 -1539644254 -1867528183 -1998902283 -2016412982 -737845040 -722009488 -1640913690 -1310294647 -740198463 -474903608 
-333847859 -1238372128 1543507459 -1273916209 531915290 1182799056 907104830 -2061515275 -1474207195 -184457757 -2003914183 1220100463 -921483767 2020838932 1402479965 774035360 -1582149662 50652516 -161185170 -1107692927 -589279593 -45193362 -724188700 903112293 40493758 -426326065 1096456434 1016177614 -544707756 -122995 2010416050 1167556396 -1866819628 -558789299 435736569 -262715912 1841354764 -1532142407 1752486451 -585274796 1285355758 -542060989 -1064292127 -1615283844 97611335 -1094844947 945602523 288703756 1111680613 -1412518883 -1991338980 -616425824 -1135319660 -1447897563 -1124078388 1669288219 -974809551 -1572097132 -83691418 
725627176 -1878888705 2079821524 -1795116018 -1774658614 626355363 -1764245945 206897368 1168933351 522975640 -43479456 -2018433208 1588496935 636658317 -1029895457 -859185426 1222641605 1031818566 -1249561642 -821731992 1706945799 -1988492329 -76462222 -615996571 -190152018 2035523305 1053305103 -1745246211 -1154045996 1585833411 -1891472094 2021664706 -2019042421 -1321264699 1794823513 1599855206 -1896893570 1046571889 483546141 -740633811 -884282939 -386827833 -1037959412 -374655398 404843349 -1419513315 -2127032893 -660007434 -279742901 -1029969298 -1723048084 -102582848 -1112976602 -750143073 -795729767 -1909452754 937391811 1565284849 -681044019 
-1351130384 -1303824204 506450037 -560011224 1834940157 -1096024360 188447289 -304765093 336256732 2115980368 1669465492 -1576509807 32309757 978164282 -1362370127 -1287083248 -156664718 1373043727 1141287520 542019824 -1539676088 1249295314 49366864 1525506938 57022493 817055751 1619865737 -1457920653 -2045575204 901205372 457957354 453581744 -2060891037 -1754849857 -226565354 1364020746 1955856079 328979415 -1822343776 877797051 -1250450693 1487067939 1525487505 903706086 496901604 1689010927 -980024658 1716307502 -1884428865 -1599407988 1310068785 -867093618 67598501 531775014 -947671784 183466835 -246316143 -70345649 -976325127 
-1607853896 1615310142 116104915 -1266769102 2027918176 423159271 -524475177 1455611814 -924354499 227010478 -1133412324 -198992621 -624414197 5020671 1675917540 -1446261633 1700479442 -753777258 1007118101 -861960164 1860456554 39059420 684521254 112846106 -1468963378 1356999069 955651072 632835033 2000140631 1401834484 -327093823 -352149665 1697911684 -1754144821 -1514266855 -48356315 -1481872790 2102317249 -668095118 -932600666 1068471720 1421421659 661771140 -1547805188 -1537275122 1905399696 -166610332 530929668 -243787466 -896730377 -817962989 1379638381 -789483246 -904961328 10630112 -1862981311 754381608 782470308 -1630533666 
-2073532873 -1483777613 -38495328 -1279247562 -538742270 -2082253384 -69447651 -1178969090 417878007 678457093 -1404536027 -170488020 -1368630051 92649718 2127780547 851730003 1735377143 -1316095717 -249389724 1273474953 1680924464 -1086001267 764006662 -1249735533 -1281885258 986160671 190061331 -1004952941 -695653092 754357122 423797274 591636778 1908262848 -1468219041 2110948302 810428254 165000074 610061742 -588792238 -1996499877 1063349538 -369924852 -1890060625 2038957970 18974723 -1645647769 -1850815206 902058162 1120238043 1346047324 -1023025119 194861304 371168902 -993655629 -453531841 -1207189435 -580675130 370356594 1367438067 
36122665 -908011014 -261582186 1023592647 1078318626 -658751910 268118521 -508548300 712087765 1000429224 -691765796 1698332507 511067658 1576123756 772795550 -2022689756 -2051752725 -2070885576 161516355 1109766538 -818961569 1452257888 1410831383 -365149647 1282719476 -185280050 1419270851 -1581322082 1267695911 973276374 997539886 -704614365 226498168 -97872237 789515942 -2068089250 808709012 2124110018 -1715673578 -895270225 -1461036831 1245118267 -1627906287 -399531024 1685312338 1602565101 462663319 111123656 1200190016 1643219723 10298367 -393709938 -1282534599 -1385940903 1912064650 1312935303 -2019897855 327023924 166032196 
1731355335 2119985018 697838281 1512384861 1597776461 1453359442 1888660699 1090323549 -1417771886 -1353568884 -136717653 -2028728197 -249735752 1147832342 467359675 1058476816 -354077945 -219493015 953211883 -350977649 -9544689 35103067 2024699084 1392275367 -105316117 605772114 -1738173205 -864638608 938825555 2024708148 -1110615615 529107082 1730812483 393589722 -61888878 941995375 -2095532841 1091282235 -1159564402 -1672855245 -670001808 162672199 -596050147 1143585168 -1834028145 1429649580 -1249668652 957002855 -382861229 -2029085420 201056841 306566695 1510389755 2106420425 -1150520340 473960808 712251527 459630065 -1061456991 
-537452360 123484577 1290679004 -97969582 -1084704989 1116642181 -818170443 -1821362749 2145752014 -951626005 -1449452521 486185360 2145724252 -370556078 1265736958 -1405501275 1148724283 -764854845 -1802330245 685992809 301828469 -1597871813 2093619502 -1057606143 -516091646 -62836601 -826124437 1109507476 1281308221 1237508399 -594240446 -1831043004 -168001865 197599770 -633597405 -1427067925 -1468096157 47283953 642800707 -1130812128 -778356496 1644537755 1764165462 1643862196 897357761 -895213508 2066551121 1166174667 -808485634 381650078 -1021609911 1767136766 242686769 1789518073 -1792523236 802682155 -398478028 -2124631212 -1986975873 
-127361905 461857636 -738828867 -901774878 92896395 5899109 -1217221214 -87213942 -1538323496 800102279 -522765646 373444504 -842236912 1026630831 -142533356 -1954277445 1223358278 1570515834 -1514212691 143901064 -2013086972 -128641820 -1659238879 -584281642 677522704 890468947 231919556 1945015272 -1855846438 1940395946 566606499 -453681230 -403673838 487107077 -702857305 -802714736 -331601450 -1236883018 1178652570 -1755748780 -2008293232 -970624538 -1366583390 -1381122879 -632358965 -2136150986 -1535243473 -718379294 1443817813 1496858920 979530824 594210134 -1855066588 2043300182 -997685637 743658166 -1658405356 -952941752 2104895888 
-2078394926 1485964482 1353358153 1149211202 -1842958229 165566224 1709750386 1695128617 -1669497191 1576458054 -978926112 667217533 -1777292652 1177495032 157450105 708821179 925875604 1262344630 -1838209235 -273511603 245512973 -959541014 -1157022990 -953424176 -1152414982 122431911 1939011997 -909771886 -1409234292 1620305241 775017392 -1630183648 -1546060246 1317168185 -79992772 -1535104127 1003998177 466368960 -246589651 1556489306 -190389755 525231226 -489521437 -1819394668 -1166291394 -1976542989 -173305171 -311481931 200664617 344421256 669564338 -1076356823 -1415335017 389825901 -1688222855 100180529 2112945568 -1573194499 772472313 
-857550486 -77930609 -1958316155 -1596615781 -1169349961 -1115310091 -147517875 991387254 -884903728 1136989244 622962703 275129562 599371914 433792242 -190556839 1269258966 1431388108 -2478475 -1847180407 -1295828649 -824451300 -516417203 -2141428399 1668542731 1270901286 -447770118 1446780918 904169288 -399801069 -396551264 -846011210 -429673945 1670201558 -901875991 -1827212636 695424050 1970015449 -1444209541 126617082 1720124782 -2108329251 2070910515 1705991950 773981048 1774813306 8185354 2072047953 1213968666 294861959 903556223 128108987 1827587328 -591249177 -559053969 -870278556 1974028711 222826922 -1842479801 -783487085 
-366936031 -1757013795 -996194104 465961643 1076406020 1325334129 -1645619089 -231015205 -1623069053 -356220456 1063740405 -1595978954 -1592991272 -758899602 -1980616411 -358213967 -1229990377 -460926279 -510165400 2097030845 58343280 626475795 -1384588847 440785575 -312502829 776740570 -1775344296 1484928561 1797515383 -514029532 643545164 127100389 353747021 1407212000 1763529334 1794737408 -645736354 -380474579 -724932629 -1503467600 837643305 969154554 2020508638 -2131619500 840002884 1029940423 707205352 73875290 -546367503 -1965277100 -2043261437 1601880071 840428312 -601816251 -427023216 1306129811 1921231751 -1950023806 -1787036987 
-136212531 -1881922118 513903082 -2122749029 -282182894 1215607576 -1866611578 614278750 -407511350 1976401066 -902489906 -1944444814 -1589926298 1295197512 394173259 1769402424 -2083637842 1926327003 -1149335771 -305725220 1091009733 -251897148 321676354 2096657216 1958269173 -1893126710 -1833433904 2008254609 -1154660103 -244276282 -760323394 1050669740 1128497535 -1779539614 -1433333920 -242984184 1130480391 -1559550745 -2126437554 -562799950 -1942071559 745442594 -967653193 58370272 983201289 -1786210703 2133701824 -978231880 -1056075472 -413209815 -1618690428 -370547206 -1081273161 1534918701 1321112299 -1035116644 1979082264 -435047987 -537602832 
-2108835464 1350733638 808100201 -1760157862 -1644472809 -486694294 573503844 517527381 895421474 -107506560 -995308104 -2379573 45259229 -925804975 928203971 360399417 -698161735 -1048213350 -1615736241 -2131068833 1182744655 516888711 -223258842 958245001 -1876160758 1822428313 2024746065 -197955083 -715318038 -1887388628 -1243449924 -1319933393 -641289704 -412976495 -1449433654 1336177919 166471315 -59892118 2053427436 1343399845 248967185 -1249388510 -1962601935 2055206124 -1430147425 -1190660685 -1495429552 1959333398 -1879979838 89934511 1735422509 -1210167834 909708557 -618784310 723013070 -811827078 909431192 -1743153889 -1138958460 
-941912555 1191672086 -113649660 1316422972 748250322 1281853807 -1404155959 530499060 -1639459422 230359535 -1327317545 -928846451 1456955588 330973824 126939486 1979998632 135247632 880175342 1234749597 -594079678 555000831 -484300691 1736960043 384048358 187984389 -338100126 705335098 -2063951460 -749250833 -2072110157 -250984444 -2106911520 -350778791 -1273641795 -1661049118 1959799952 86145206 526046100 1717789169 823069461 200429054 1198147880 559768663 -131290864 1178348717 1918365598 -2021860134 -1469381996 -526379746 -137386322 -1135327735 -156172866 -515037693 1226938508 1571284239 -1957098517 -2124204419 441280880 -1333993068 
-921844729 1507922903 -383640544 109014045 -2016052402 1330137472 -1334408723 1915496352 -1797153602 -2038746180 -1778275842 -1961868375 -1199118125 1722169686 643218904 -990476149 -1895059210 622583019 -488175290 1237324353 -1444251777 1879324278 925130998 1586969415 -1216708406 1213871718 136185160 580811219 1061450786 -1448912037 1314660271 541720444 771180662 685053924 -786947926 140911962 1907650810 2041456213 283240075 1331279743 -507059276 -21935025 1424576262 -1641026387 2048986319 303713377 247582935 1433470070 -1785828762 1400701200 -490222771 535939309 -560776858 2103675287 1080261494 924110288 507712493 -1754537825 1087089007 
2124558465 439118899 1481940417 2074947755 -1103607883 -327079250 -1116442826 15368226 1084206459 1937286934 1443596328 -1273733445 -1436671785 -1532174301 -1218356171 -1880420237 951185586 -1875598945 -1145656641 -295621723 1338540444 -841730405 879625402 994168333 -1383810344 741983276 -315436465 717463727 1283316034 1864294994 -260419774 68432974 -1269327236 2105957904 -576692264 1102615647 -98401670 1641281794 -35318369 1476794332 1416652051 -1848054860 -308428276 -1815905213 1855080521 404119481 572297090 655707713 1852325176 -2014766088 -2047564559 967809634 -1361921100 -276586336 1714814411 1442877991 315189728 1933009518 -1962378473 
1148632056 1954127932 -1118694144 1984549871 -1110165054 417718363 -473834724 -194579853 -1377305974 1875925542 -1890441795 1331090617 -760828656 110335093 -1057326386 748747767 233726027 1931951866 2086311030 85792651 941131294 273927565 1179811491 81788730 810713736 1165721380 -1329290733 1364906411 -909221478 572121104 -1719883725 -446430423 10809448 -1465842506 -1625741055 1695475102 -645956862 116462200 -109768406 1870675809 -885067407 -2068999742 1891218274 1852869671 -588952784 1846488337 664136552 -1306404212 -364444451 1454797811 451508725 -79766530 -1186207233 56915316 733462615 -1344829618 346052526 2060770512 1972357202 
-247584733 -1215553983 -1638591899 -447437498 692880698 -2048676164 -1000474147 1130110384 -1992209225 -803586401 1098959540 -1352188351 1080512471 -935285809 -1642300009 457229653 -2007886267 -136721373 1359213675 -1780043837 2048467568 1394697309 -1906843176 -811327634 461077153 309599896 -95905216 295653755 -1822592716 1817680339 338185611 1223332081 -320424502 -1652805867 -359089493 -1177382145 -311706197 731521301 -1608673025 782519267 779803157 -440213488 462771465 -1734375371 895239711 1482067661 -1363410972 1724355373 -851118198 2079116297 1511210504 1433659547 1203474089 -1383302494 -920713906 755239136 807541376 -1866434192 2126333986 
491613934 -1840137624 -1651060031 1644739345 -2053174916 1074079238 -660047389 1349731650 -49569096 2083487925 -1757553316 402642593 -1483109984 -1205442817 -38260021 -1032768322 -1628574454 -460804744 1863675485 -1728382199 1744848491 817660939 -1089571255 150263689 -384098496 233562588 1139203718 -1550313950 -1328673887 -1150142209 1522233187 -2119216595 -906068363 999075455 -1496325465 -1929254017 -27318760 -770005678 -879390662 -805151932 -2137407548 1351228125 1193899920 -988631784 1678735363 -535535324 1485193494 996703287 484121129 1441820685 1389709290 39936884 -2054545489 -314101693 455913366 130446317 483854551 2000323082 -474388095 
-1224365897 -1099109500 -2092666004 -1707652548 1860044400 -1745484402 -1278368610 12805161 -1458304531 156854813 -668487168 -1088036089 -459132430 1544723036 -54925019 -758387630 -451803772 2061787723 -1648774999 -1448802878 -1441766030 1051928846 1617170227 -2123710289 856307530 1295074589 135909953 2093259602 -432363866 -1158692557 -2110681681 1845812352 1529458355 88124757 2035132165 1320423340 -1388316954 1505688435 457657624 -422390118 1867604169 -350671995 1547510241 271254831 1845538976 949624723 -425989173 882735155 1910771343 600297899 392943474 -1147061955 -2134181653 1169633288 -284660360 2072165345 -1758952956 -2001611666 -469380754 
2032108387 147807429 -478502537 -994555827 1086761546 -1517613432 -1079067672 -1011905183 1867864919 1392495844 -397106799 -2097482003 467261924 648727035 -939702634 1215254717 -1569330092 -911908675 -2024026969 840625327 2061499879 -1902113405 1951896470 392093781 1108446202 -1552220748 -142434474 1797295285 244526107 2082434653 -1764240958 430751036 -1676559793 -1852100994 -1394670077 1409334759 -180867791 472783621 -1434063994 -1014193115 -15319887 -164109589 -230699633 467966795 1313624690 -684265795 1998411097 524471729 -1944992973 835759250 -1635989704 -559958138 13138371 1095749596 -2051276881 102155906 -1182277575 -143591769 280556965 
-515906831 -280632053 -1549521689 326884195 -830479705 1296427841 326992087 -1333882282 597595364 -1949107976 1770576520 398166259 -353876157 1779849046 -568946711 1772691153 1946680610 -2081884895 1693367558 1436824972 -1182454766 143775109 931473407 -1331578197 1158392392 849445705 -1114979863 -2005254199 1296611968 -1695527880 855953050 1302782044 791583921 -1999150964 -169655291 993436389 291409190 2001156153 -2013102638 1070454456 947114652 -621759314 335097174 272423713 2009330945 -781124476 -1294839385 1897025594 1870740235 -1224155093 1407916731 -1607946555 -1341068866 2024263665 -406057070 895807186 -1622557932 -1973325399 -238741946 
1140613754 -817804037 -474304222 1931978557 -1901832746 702250270 167884791 643375329 -2001967036 679871884 -2012777639 -1903086186 -889106900 858733271 -417948852 459254139 1261491325 -276937557 2016814366 -597287548 274489287 143268875 1224800690 -736900870 1790667596 727809741 -1126686749 1746555255 -1402778011 -844532173 1194003389 -1994085182 1721493273 -561831585 -924284260 -1351646813 2049470435 1131700757 -153193734 -1714159912 -925100105 -2128581785 1205036764 -1596760649 -335172979 -2025562753 -1826080595 -391527229 599894094 1051720605 -1931913666 728996313 11237281 1948469344 -1548676440 -201118274 -250976628 -1811885743 -1679317054 
122489134 -1500502993 -2006723902 1807206489 -719743815 1599847209 -1822530865 1236048450 1011177661 -1280235479 -538650835 -780340517 1140284902 107143723 -1995491475 1450284216 -744491376 -6744165 206735787 -487533592 -946511471 1175211251 -213080389 1790036841 893988328 -639009042 1900504544 1575246238 -1914353559 -1337221421 1512134242 1148315533 -1903579412 714956401 -49828080 -1289584391 1448130292 624948306 -1093767403 1043673048 -172650435 -513025375 -648854134 -110442506 -932903518 287928462 -85742415 334808873 -646499641 10707907 1585501310 742724636 1723357877 468427725 1400457918 -1198476827 -2049704745 -1315934077 434032256 
-130615219 -307567106 -275423125 441310609 -1137696650 -1705907555 -378948108 670478567 -1287701642 1623745559 -1532793352 1977333062 -183785635 932360263 1169847909 -182745338 -1958107977 -1498050149 1784998581 -275289961 -539858515 1077960801 149148339 337186916 -1843283435 -1221295622 1277674959 981274122 -1853145640 -584695820 -1591477291 -1215815391 798823952 889713516 1483567360 245342696 586364365 357435866 1658185412 1127299852 -1806297036 856121836 54210751 -805854860 2077669580 -1675323791 1399798761 -1949080762 -204671341 23040208 -1565739892 1887647494 567788844 -1440904518 -991089294 1566003604 1547950306 614678881 1567602087 
-1470254155 2077580964 145230728 1223527387 -323905046 1628582878 693971489 -1098518108 -133830547 -1547564504 794372223 -997387635 1353518675 356107526 -1944097362 749515799 705544438 1316380997 -148657986 -978938440 1131810605 1621895848 1193623986 1638162939 -37872601 -1859785026 1061876115 -1472312933 -1016456051 1341668523 -1711887025 -1343716969 -2144191564 1890955100 545467227 -34679006 -490977519 -988827258 -1132741914 -1916993799 1787405192 -1743547477 903779997 1577160931 -992443151 518963697 471396427 -36670908 -1473474304 1394409909 -257271642 -1343101065 1964037341 -940315778 884532525 1635894804 1152147764 1901188401 -476320675 
1367009981 1267303221 769195497 1581867571 618619718 253557742 1191901458 1126874958 -1152471695 -691646278 -2073129743 202425648 -1139561056 694702224 -2081611319 1430536727 1544225770 1413505109 1080413911 1967709434 936270505 -40314989 -2052689729 -1880906678 182964873 -1663613678 587193094 -1356924207 395866502 -586115311 -1037835627 1977991081 -477939163 279305147 1397429196 374264076 1045928197 -2030630014 1807433720 1407637561 -1712781198 1773071257 339224556 1779807091 891376362 1915818901 -45525937 42038225 -176012905 982827590 2136119859 -1815031481 -1698407345 1069919626 -1725316558 497926543 1422572973 441179442 1793065507 
-818504302 80539161 1199281711 712406729 -445095468 523564756 -866989159 1870106355 1734776647 -1257047018 797967249 -585467040 1119459174 707487723 -504113752 -1815076354 -808530684 1763923100 868346272 1762066138 -1672052386 -272210543 -732518229 1098931856 -809854689 2003608461 1443242856 663414993 -2019168220 -769373380 -27514928 -163829717 -1504674440 -1647664495 298106064 1391730933 -72544219 456104951 885475782 -1408513219 1376468437 -69945709 -1661597316 -1111895915 1516484716 -1062109079 -2106047623 1356058847 -1070498775 -1295213 -102799907 1456677815 1822431547 -1006851966 722623935 639496552 444640844 1653871106 1699156847 
577956584 -394890170 -883140329 1014923500 1991029834 -1575539093 2104040233 1815243973 -657400058 -826247150 -1614898203 -169272740 138585693 829294974 2128876186 2091931015 -1631098060 1084106026 -1118912663 2015776657 1632440007 432997858 1126586984 966828913 -142896579 931143983 -164182872 -272458839 352961230 817714016 594202800 1189524154 1588557200 74263934 -2121174700 -729501554 -1477744508 -290438951 -388959864 2042270700 216227407 -1758335200 1237614083 676204040 117910929 -427684640 -1154706176 1604626379 1603003899 919118816 1656437551 1818998209 -316538369 304639640 1021104289 -1443321684 -324142704 520352376 -1795698934 
-946964213 425848347 1200726028 725866098 -1798358881 798361830 -1190767887 600213386 253834387 -683438988 682395517 -659151624 -505140269 1457918625 -327413384 118229110 -1842370219 1479901861 -1826204970 -240340888 -1741783098 -1687962210 1531602866 -129397155 -950682811 610010642 596696793 -799641685 459358841 2132641395 -1590347028 -1707064096 -1634307267 1974926517 2006268097 1058991965 1394235735 844514429 356024585 -525774998 -1367388758 -1777858406 -452509329 373405499 -475672441 718288852 -1384655294 -410996098 267267631 -1334955444 847167685 -1886139111 -902812729 1424088940 -316220884 -2089374813 1563599590 -791542784 1305100282 
112954630 -1816979841 -704658430 1459499169 -242926099 -1372196471 174149803 260591628 672011110 333648126 135615996 -289509573 -28850608 1794347253 -1738782423 -1691664677 -324482118 1180900273 -1100882239 -1979713904 2112642842 1375198435 1894084379 1830372519 -1101540133 70860213 2117752372 -1237032138 960893560 -1227224528 662361788 -1190785436 2047395599 -1039882825 -91408912 -1868981733 -1851225589 1183067010 -1394244868 -1560539312 1410761386 790096876 1024988123 82143045 1121126445 -2055894362 1514976351 -470043107 -585989826 -274997092 718866625 -320901467 265219096 2126378515 519407085 -686102830 -1900925847 1816669892 1434097720 
1583254237 -1657968382 -1431532306 954564823 -798852340 2039758688 -1054511571 1272274377 1933864082 -1030051781 -690498413 529702508 -1045047393 1691995947 620887581 -2142630766 -1052454000 1975138706 -1311996623 -628037993 441064935 -163100422 608301359 -903419374 1123867914 1935899896 -1792437069 471294792 477123906 242578924 -479847540 -842190055 676814719 1596005465 -1689963897 2037863969 1259660567 -907295423 -859247910 -742946162 -1170640317 506254956 -1571842534 -1669510080 505010496 -1730152711 -1313302937 -1204227180 1940094425 -923480045 1355479077 -227284973 1147246434 1639455395 544991078 -1165850495 100543366 788844748 -1299027354 
-1832441642 -2099043694 -1646135097 -716655460 -87007553 -1412758836 827110606 -968760882 351846799 594540213 -2040039366 248584925 -1025012277 1023141939 -29201140 1144507304 -1709259171 -2126262482 859480488 -1343320612 -1945495940 -882581037 1422515087 555836569 -1106082621 943974538 1636868949 2133651999 2022286255 -966067218 1931239267 425229298 2077514813 2036038375 1874131181 981922463 -1693886897 577471633 545352567 -185706471 446919167 -849287002 131256444 -1557001248 -1511317129 -1413900666 208534218 -1319085197 1999595243 1207726555 1714018001 2137221980 1355501914 290697566 1688192728 -1734882859 -1022416250 -1138601533 605242398 
1192400142 363345101 -1652220083 1915021711 1311457634 1911832914 1955518027 1343023723 2068041322 632312646 2007032145 -1657564432 -1009267304 -897992851 -979888414 -2097085680 645711055 1092160572 475907375 -1917829028 257247387 1533268747 808613397 716393640 -1768812999 572153961 -1606625639 1733381735 -304820614 815013246 -436095313 2017658383 499671997 457245258 1030998964 -1063784144 -795411111 -2110671449 946711345 -825423573 592289632 -1359822791 -1125271571 1145612348 -1646704017 1665862461 -1333024251 234066124 76713659 817744273 -1913658456 601528307 -1266804666 -1666297336 -1500681513 -1170848586 -1481693325 1771442656 -645030257 
-432786041 -1974227374 1893030946 1861360387 -992799927 1852357614 -1101688478 2056995231 2114051088 -591308486 -1733375319 571684513 1777745465 -1514418463 -1107967370 1361457916 -1413857356 878469566 810198379 2040773102 714875252 -1493039289 634284694 791076474 -900627698 1474675121 1586617494 271052860 -1829942236 129992654 1665694779 230527793 -1404387527 -1439391687 1199102050 -520812052 -1700346534 -1605705436 -420920995 1168914567 1929460410 1965374764 -609729428 -630554926 691658340 -1811895656 956431111 -608740819 -1623724034 2053147787 192118349 -1405213676 339522426 -1818590938 1086438995 -433209227 329739320 -623213626 1449589643 
593001194 -1030462390 -798512826 1926808473 -413489586 1841285843 -1598102951 815979819 1084599973 -48019668 812060308 -1518284391 1297257608 -2044340002 818320315 1379590757 1048247178 2080593472 -1953571464 -2033610149 730546821 614728619 -895571210 -496725569 -1094015108 -1063270237 -899425845 1551314258 1054832169 2005026537 -2012727333 -2106782405 -998118984 -601678444 1481969112 1492205659 -626826536 1542028497 -2138543749 -1202130210 1935397938 -1031877705 -739761769 -1224916461 -1281890753 221465932 1575068917 236697258 1550184142 1265920495 1473769973 1699768783 -545764665 374720485 -1607944944 507874197 -1686691068 -1466868011 -1670566958 
-1250382830 -1211821860 1990399852 404023773 1986074245 -1248517175 -1000968470 153712299 2093362546 -2076443445 -984604637 63111460 1308791808 -2032205494 2002703574 -111287536 -1049701384 753941310 890362867 -1256795347 -1319641979 -635110593 -1856427636 -845593952 -2030606709 -560867542 704702068 -479546025 -774239819 -2094563225 -1062962937 -2126972245 -872486249 -1976405572 171727295 -1606258988 -222477803 -791382945 -552865483 -1478232262 -348288607 -388941513 1242026448 1061049490 850147135 -1521343702 1528090911 1034283383 -1245111844 1509349842 -38005426 1723975346 1693371467 -888174422 -2083734 1456612788 627869924 517680520 -2010738708 
1208212853 559758574 840990356 1736094103 852849994 1257846105 -1729728290 2028453161 -786374662 -906056181 -1518321641 -643173060 1908271673 -1923924115 1250043432 1334905922 -198750762 1474733853 711229427 1147003615 -1439704226 492666306 -1922750275 1183333149 1178156645 114803460 -1769286632 -305661318 -1353271988 2007651060 1525192870 364521460 -379372455 709760292 500917316 1559287261 -1067389482 1577364642 907326270 -1968753351 2146920726 -174870728 861948542 1546059297 -291152694 -258868107 -333022519 -1384081451 426147624 -595912253 801927449 953817477 -1135739901 -1025067413 -1926900979 -1350264694 1719229589 1188575223 1700754811 
346328219 -1181225216 2031517006 1653243839 1301544135 1036693993 -320214415 -2121851058 1098303586 1126204373 629796106 1320979366 751086286 1614190197 1434174605 525799159 -984222784 -334798001 -1260911938 2023010208 987943146 417441830 -937310195 665121848 1763796457 1078364007 -588704922 -1372091965 35630732 1004905072 741452574 477109560 -1597610554 -1015210076 -1446559465 -1230664667 -768129878 -1173493835 -664940446 -1924091755 -649188627 -1197306070 812416664 -568725706 1500928079 1674981625 -104052265 383202300 -1361018081 2138616390 -1478618928 80158977 1154019555 -204691297 1111587395 -2084049508 -1529400184 408599853 -954287954 
1297980009 -1497519551 -1068139797 528856772 -1465890992 -662012575 -386112312 537879464 1007765034 557979996 -1297067079 -1722037308 697973245 -145266867 63589103 -1936482546 -761003107 -1118435771 -781534081 -589501281 -1800606863 -1741322674 -99287511 -46052103 626071367 -668923025 2039965913 -944216608 1071144920 -1427180927 -40833355 1510963584 -927325922 184741586 -147347774 -1458146902 -989296298 -1138406636 1951463868 -1194909515 -281457854 956511597 792461126 -1353091674 1415917517 1109723601 -1952261854 -263510791 -714589966 1512197157 23220996 -1362937707 -1144412545 904441797 1928621579 -152018079 -1685293582 -461005622 346251628 
1321646188 -695446325 274440086 -1222842004 -1247057905 1933559083 2057502205 287429449 1253317688 776124844 1966453229 -70327785 -690373725 -472761598 1675891411 -1381691884 -1177466065 -528992967 -841260274 -1015107800 1948980780 871661590 -362761257 -1052253423 -327876721 1165660178 -1651509043 1631351381 499089206 -1780998473 -1192037782 1378560394 -924960847 721928788 -594799362 -1976469136 -1158659185 -604036957 815019641 -1070439306 -1190494117 1911006754 1974040874 -1139349181 -135415652 -1013221550 1997138146 -258858357 -1570811928 -131137695 901275407 767972911 592690360 -431264733 1173985550 1472983878 222859847 1924724370 122308799 
-1564272621 -1709800215 1505870515 904096235 1138417526 -1781982875 1520309445 -2134396160 -1220768058 -661105637 2067031934 -201843342 -1713226297 -215004969 1787156353 -2092177744 1113909602 -1661646601 2123346863 2121133489 -300224015 340832692 -837242065 1778490495 -739216705 -1361091645 -1660211686 650029238 -1035833639 501969089 -1202888863 1566632530 1426291887 388675652 2071299353 882522342 -1415044082 290374547 -1257316885 1845486708 -301917492 669097595 -2096607681 1959741298 -847544892 1151557205 1816822590 163903958 85926279 -1078437971 -174806166 1637628374 -1909836772 -635432657 1689768307 -308976543 -2139838180 -1540761547 -1156677847 
-1908420313 1985629021 -2121681913 1580520836 -1864488401 1674404309 1807536570 1441998431 888994457 1937469283 877298562 -1048798117 148867104 -741356401 -91010019 1000383730 774153843 -221383299 398098933 -532763922 -1719397701 -525502722 356381693 48039317 1860654927 -1959292306 27872924 -884099111 977373588 1136442762 -20037432 -1893083334 1700502392 1804396382 -1057992228 -1823068719 -1863984678 -9716300 -1355063146 -1954138430 1501394603 933653130 -536077427 -976826055 11423987 1666389303 -2070635647 949353300 -141864178 -959591307 533512572 1402120704 -57283708 -1971113928 1668443391 1383485641 927121729 678600915 -918861529 
-869009705 -1683570913 -1794349295 869769950 -1477964814 1008542217 -1613336654 -56261051 -1053569579 -1680937719 787385374 527638275 908614114 -508841321 -926564429 -167902252 -628168820 -1337595219 -875629627 1685503946 671719194 -1092138954 319991529 -1371196943 -151017525 -1595290369 -525096522 -99013546 -354099876 -300764709 -417567063 -1077788517 1435303044 -583368222 -1385447116 -541808529 1925831650 -347119440 -509454571 444925695 -1458690148 -1647815299 -1541853321 -1038615978 1270428226 -1180802 -175059518 -887020582 -663993387 -584285014 1851593524 -1836672875 475071878 1869270617 786352315 19867116 212641524 -1395155716 -1755695428 
-2037109667 955348421 293742155 -359139298 -2144442207 1124238181 -1138222696 1103771246 -1752230340 1365308455 -560291423 475242017 -1615199916 236979147 1022387900 -199677921 -582254665 1929786100 -875644315 -874272042 1098182927 777098900 -356698652 -1160408018 963969954 -255721107 341693841 1178476332 1160453797 -2105088342 -186896628 809491275 2059250825 199315583 -54772149 -1173501023 958362672 -1300590389 -640461534 -1979882947 -2090678425 1675754144 1026752543 -683068806 206964223 -1399091144 1548265132 -1232594381 -1320665858 -879378129 -1827090439 2023597303 -1785629915 479335261 94431273 -1094235179 1545000696 -92473963 -1629073704 
1258219868 1691584030 -1791012410 399885787 -1683797886 1353834924 1880710568 -236042031 -2061600876 -477599355 -1607658862 -1425134299 -1025981268 -1418583412 -1542797878 -1574242694 1194553530 1215023854 -678128927 228235885 2065355360 -1480901643 -1328350099 1254159263 1034087905 1048187805 1944158081 1554844654 -364633374 1372618924 -1413266412 1066932437 815992107 -739680550 724797106 1424478219 -1816896121 -1255559575 327568092 1135573202 1494832646 2018677592 -2033740557 451518703 -1024571550 -632476499 1747397104 -1210729481 -1134339941 -422172778 -1996944951 1360676935 1845313264 1689625562 544851664 -1091318916 -764803113 136082690 -357042878 
2109529595 32641738 1777098610 -149741790 -1704958655 -1685087540 1780522068 676131629 34271590 -989543774 1614665820 875205701 778105004 -1723089339 -358362567 -756700972 -346219383 -336815459 734509855 -451729275 -1974130890 615317570 -1551658831 1479540798 -976286066 -482585114 -1695267531 518207265 -2042323909 -961193730 -1597449346 2039365032 1149044180 230752665 -1419375482 -1803410158 987293106 -978625726 -2082234670 -1735336067 -1292986810 79170512 -268169479 -756060048 387515954 991019601 -538128814 1712840981 -1276498791 -586332930 -866918769 1911850521 -769318481 1283429463 -1741493674 345959303 -1876518670 -1844231245 -1351993531 
2030533195 -1957214211 -1527538997 -512055901 2059061510 257083942 1832170717 -1681557812 1297974323 897596096 -422975053 103521381 758151027 -1754177327 188579217 1145605936 1897617574 -228323225 1879020784 1447890759 -439577599 356270503 -661058030 1013132648 1564047674 264151824 -1939359133 -432275934 2140214289 1544704444 1646732299 258109970 -1560189760 -886027440 1456306623 2037573240 -755325923 759889729 1176828652 1170106067 1457718163 -1655909593 -665240559 156871862 -921847967 -202181548 420000255 2064429209 -928807362 1534807445 -1636716769 1099119086 -181701746 -1429037009 -495964746 -409770253 -1928119033 1587859140 153742666 
-1162286261 -94450339 -1195894627 484536906 1102362538 1736995948 582966271 -1639069209 1600582962 -205587191 -574586628 1892363705 575534793 306893911 428748688 2044668716 -1982009231 -1913848023 243070604 727179540 1429058532 -1325179609 324772525 1654705577 -2021832979 -1943186120 -1961928151 1698165190 -1789487829 641301360 789474509 1150890226 1850909677 -1246171283 -1076287014 -1002088833 -1404307826 424360123 270830878 484141814 -1874672635 -132864986 1881193048 -1599442473 204578489 -69211574 -1888867132 -1066435199 1973092214 -301163751 -1829263561 -1663172836 565612020 899502954 2138785457 1561189264 -1970505618 1683270255 314602528 
-1800813660 -2125447327 322769000 -1478300824 29964581 1224679017 -126779811 -1718968918 -925572103 -120645455 -182975137 1551581917 1048524408 -798306909 -276772526 1070864629 -160618016 790908258 -1069028776 -1263811242 -1600648413 1157509171 -1859351580 1800477148 -176154656 -120840681 243782267 2019755014 -1242502401 -1247818391 -2052755900 -438667223 -995597034 -1585319626 2046177311 2008793740 1894745622 53767257 -1831533857 -408119203 -764221841 687537183 -1167914274 2133689753 -1718665442 2044160161 -588879117 1595413637 250581738 -1704502553 790002898 820265887 949518009 741042691 -1621445585 -392364262 1637900136 -1482536097 -1110516497 
1064983073 -1519244774 -507072144 -865710657 957894642 -402454417 -520420283 2037545548 -2058630917 1592779427 1155557684 1109111724 -1286890649 2001417089 718648580 122826742 896633588 847853980 -1191278962 1179141334 325682536 -460801070 -78101752 -1580259094 -1396939605 -1105654782 971124295 -479084795 289120184 -1842657915 772444116 -2078018484 -390170777 1109837397 -13175131 -151084214 1375819276 832577137 1133287562 1879451850 799392728 -227024181 1965679347 -2144719243 654567868 712053968 994408836 -1005492895 747483689 -1505683861 1886922503 678882250 -1639619885 1929215124 -1697822170 234999639 -365486851 -936066568 1545183493 
771972866 -2028867574 1774053990 -260446070 -198121948 -940400413 1901134884 777428928 -1698649238 1896522539 1852009301 -1633278795 -1000256096 1369177957 -1630039152 -59996095 1371403048 -1122885226 310025417 883554502 -1352582528 -2037044238 1330530540 -1788234726 -2014021297 1535042805 -1272240175 494092583 -1571299016 -2121535277 61390741 970477700 2121959006 -1916237402 1887182788 2007323180 -1085026 -2092982157 648490106 1587764998 1573496032 663715941 -86361306 1855395259 1322782051 1055506310 1914050965 -964972275 480514110 696918229 163066032 -2035665624 1172760095 42256419 -180220849 587974743 1014327291 1232734916 1947837406 
1575302900 -1435264741 -747623821 1565797972 589827192 797178242 968222279 -1940116770 -1839369113 1759098116 1366762594 -728930973 756292152 -1005110790 1181737400 -1159859514 126250404 901437477 -1623360182 -49303348 -1334772124 628146121 -1648978277 306402561 -983848621 50118529 2046568089 -910339861 2030035257 1558528240 -1602072351 858474946 -1016345904 900155939 1248804995 182213682 -1933801705 604299294 1767720919 -1901316901 -894794134 21984387 348985794 911596419 -1114651801 -1497453098 1205524750 184420453 -1145897764 -2046583204 -1701026550 124340324 241542026 927781346 837859266 -1019356414 -2075682047 -100258062 1648426053 
-2051376739 -1429823251 1026288074 223736008 -2087015451 -532136933 -708191452 653008545 263907645 -807384778 -28535722 -1902253608 598599820 426228706 1716351728 1371751808 2058059401 -1530615665 -91748204 -1657480200 -582924795 -493698890 746267071 1536556538 -1335384567 -1328994275 -1104677257 -1388106250 1287817342 -127721702 -652996364 1946644062 207803846 18970410 1051607435 953862121 -1281977051 407534109 642641303 -1046510568 219073227 1795286809 1256027182 1178491715 435297235 764497697 -824828170 -309794195 -1603159626 -1439045240 -976072738 1870136769 476117101 -846649662 1456117444 -1648980899 -1721996779 1747274542 -818018042 
-1757787044 -1417617597 1277274965 -1204155299 1276881515 -605620613 1167991735 -1943149004 369703047 1408857605 457757949 -1554970280 -766436975 1322786498 -1057074614 -644447185 772908860 1584395982 -675005505 -242453414 1761221155 487697045 1794859412 1139259785 -1012101586 -1261795582 1214631087 -1652785258 -932302650 -935557635 886823516 -1760077923 1313058098 -1109766340 418057458 -334834963 -1456915443 138386562 -409040871 1706339945 326704620 -1147912871 1999394026 -102686279 1198776427 -2102050266 -1924010204 20202304 490482234 -1651979940 1842450726 774998987 711514768 -72876520 -486766181 -1355765442 397549983 -1455128371 438751487 
1491240347 365906926 1221132121 1570380006 158279695 -1912682257 1021087223 170687745 -1732078501 -997460371 1227065307 -369921806 -990777469 1290848486 -1591888036 -59916452 -1732328859 1282414491 -1557680048 397174146 876350571 -1806753555 344629002 -1243083363 212096169 -1465703018 -277487808 -1306368813 1179283655 1917690418 1878755940 822247394 -1020803974 -1615731771 -556573897 -29851945 1063413297 -1589267915 -2005268080 211348643 -115678419 1980626018 -2127079948 109469452 585796107 1392732817 469381833 -1707741817 1731114919 1369088527 1745345073 -635997559 -1010768109 1456507896 1060214525 1288263735 -2126826436 -308631902 346704731 
1118476139 726832396 866737300 -30493664 1242342863 1911012173 172232419 1437016500 614217492 -1734155528 160946585 -2037617970 200432317 354470252 -1776803393 1914140586 -93373498 1379544843 1378756964 -233200104 -1416603639 -1609520378 536512949 679667494 607347574 -974157780 -1659461876 620322174 -517066112 -1872601228 -1601195330 -1074400962 395837379 -1559347140 -1029822492 -1715573465 1201540528 -1178164377 2114717190 -639196188 -908764743 826310350 -1300979298 -347176982 -1289410410 993616228 -1804134567 -225425666 -2112424383 -877436712 -1388508593 -1451498370 1133366218 658964628 1310294521 1118837190 -850247915 325268726 -1243513609 
-868352752 -259441751 -319424679 8308127 -462775098 -1683691457 1942283929 2138822281 1432704898 -2033516909 497822428 1868490583 -918095778 -426574110 900350913 495867148 -1830341204 -2030207189 -1868370249 -565346411 -1706502512 337518321 -1012556210 941017551 -1420227916 1828250661 34008902 -418307102 49626848 -1777894434 -1776622709 886712997 -1932251028 -1677650409 -1591891873 559325569 1126998585 475208002 -1614815654 -1703255561 -753363428 -1873938359 148193797 497276246 -61895224 -1399169406 -1048527457 663068622 -391525350 -146559572 661093364 617705247 1629497407 -835322128 -2034912522 855469544 41062067 -1107922753 -1294877558 
