12 14 10 10
1224204150 2144960333 1086856034 -559508656 -1580254715 911182232 1192365001 -1515116584 -936028079 1199991315 -359334946 -1217047760 685230342 -308178577 
389461311 -983939074 263785353 -1880081515 959898420 -1181431145 1297014492 1198347395 -304219884 -1668594196 -1804994680 -916320156 -595848112 1217435548 
1728877009 -1268033731 -2107931935 -500832421 1890815277 1076747230 1999367457 -919185138 1607426056 1030078810 2146070146 -1483101235 -1025703333 -141428613 
912585806 297893133 -978921067 -1145125511 -1804359971 918068560 1119216780 531897629 -717348118 646098490 1048382174 645825212 596770016 -1965803263 
-552512204 -1281565318 1641871885 1250494889 -344549729 -258739036 -191333196 1644560857 -457990634 -1795397759 1838613878 12579636 -1341007998 843154849 
-1873552353 1446455883 -1270049118 537413932 1838720825 -1713948225 -1288783604 -984398883 -258882824 -309828592 293747136 -2044324019 -593064114 -1378935506 
-2027732156 1467503866 -1533192374 1425679970 -1935807925 -521924668 -1064006956 1036842553 1305854964 -1373751551 -1292873919 1886957041 -1899035574 1228175950 
-154089076 -201369167 658256917 -241321287 1914716642 -1661559792 -1426946638 623690443 1663591588 407729936 666244005 -658929990 1737696685 -12538479 
1280407369 1324176406 -1912955056 -554945457 -1866650808 453716910 -936964360 -1201751222 413808514 -1097861248 411619119 1395093514 217262016 13620859 
975602434 105386441 310850487 -2054098638 589699963 966585110 1558651437 -170410445 -1107228266 -1698846712 -1618201933 -1010051864 -58317253 1596173684 
-1271114830 -365892326 2038994971 -2089108043 -261075467 -181643052 951962284 295209698 500059048 51848275 -1135002359 1711228564 2088441994 -310970021 
1337256748 937766721 825818881 -1907388263 961630925 48617659 493053809 -118281610 -2122455542 -1968488344 1371777440 -540164519 -43013805 -1765068635 
